0 0 0 836 887 1650 1651 1652 1653 1654 1655 6315
1 0 0 851 1694 1700 1703 1704 1705 1706 6316
2 0 0 567 1054 1062 1063 1064 1065 1066 1067 1068 1069 1070 6317
3 0 0 31 335 879 909 1802 1825 1836 1839 1856 1857 1858 1859 6318 6319 6320
4 0 0 987 1602 2507 3259 3831 3846 4277 4280 4298 4299 4300 4301 4302 4303
5 0 0 835 889 1653 3108 3652 4136 4619 4745 4829 5466 5569 5584 5587 5588 5589 5590 5591 5592 5593 6321
6 0 0 3258 4281 4299 4339 4344 4345 4346 4347 4348 4349 4350 4351
7 0 0 3148 3155 3165 3172 3177 3184 3186 3282 4065 4268 4296 4384 4389 5256 5265 5327 5338 5355 5356 5357 5358
8 0 0 216 407 520 541 604 605 606 607 608 609 610 6322
9 0 0 232 250 264 280 286 312 787 812 813 814 815 816 817 818 6323
10 0 0 107 115 426 432 433 434 435 436 6324 6325
11 0 0 2147 2148 2149 2150 2151 2152 2153 2154 2155 6326
12 0 0 2083 2092 2817 2831 2839 2843 2844 2845 2846 2847 2848 2849
13 0 0 356 1777 2708 3113 4842 4847 5280 5292 5314 5320 5323 5324 5325 5326 6327
14 0 0 287 796 802 807 1540 1566 1567 1568 1569 1570 1571 1572 1573 1574 6328 6329
15 0 0 5377 5385 5778 5796 5803 6078 6111 6115 6117 6118 6119
16 0 0 591 595 596 597 598 599 600 601 602 603
17 0 0 1793 3105 4615 4833 4845 5277 5293 5298 5306 5315 5316 5317 5318
18 0 0 4360 4366 5245 5336 5340 5347 5348 5349 5350 5351
19 0 0 269 284 785 786 787 788 789 790 791 792 793 6330
20 0 0 1225 1953 2751 2774 2787 2789 2790 2791 2792 2793 2794
21 0 0 3428 4060 4068 4069 4070 4071 4072 4073 4074 4075 4076 4077
22 0 0 1711 1722 1723 1724 1725 1726 1727
23 4 4 1761 1854 1861 1874 1882 1973 2724 2740 2746 3198 3205 3212 4262 4856 4877 4890 4893 4894 4895 4896
24 0 0 2434 2440 2544 2546 3139 3153 3170 3175 3261 3279 4267 4275 4371 4376 4381 4383 4384 4385 4386 4387 6331
25 0 0 1420 1430 1443 1469 1480 1481 1482 1483 1484 1485 1486 6332
26 0 0 2999 3012 3023 3302 3430 3431 3432 3433 3434 3435 3436 3437 3438 3439 3440 6333
27 0 0 2082 2819 2826 2850 2851 2852 2853 2854 2855 2856 2857 2858 2859 6334
28 0 0 3790 3797 3804 3808 3814 3823 3828 3833 3835 3886 4309 4506 5047 5058 5077 5078 5079 5080 5081 5082 5083 5084 5085 5086 5087
29 0 0 379 465 496 1253 1264 1302 1661 1662 1663 1664 1665 1666 1667 1668 1669 1670 6335
30 0 0 112 199 422 559 1062 1081 1082 1083 1084 1085 1086 6336 6337
31 0 0 2133 2668 3487 3506 3508 3540 3556 3565 3568 3571 3572 3573 3574
32 0 0 5455 5984 5989 6140 6159 6177 6178 6179 6180 6181 6182 6183 6184 6185 6186
33 0 0 461 844 938 2974 2984 3005 3009 3451 3464 3481 3482 3483 3484 3485
34 0 0 20 38 51 52 53 54 55 56 57 6338 6339
35 0 0 1607 1617 1622 1628 2303 2499 2742 3223 3235 3236 3237 3238 3239 3240 3241 3242 3243 3244 3245 3246 3247
36 0 0 2727 2741 3196 3206 3272 3899 4859 4895 4900 4908 4909 4910 4911 4912 4913 4914 4915
37 0 0 3067 3291 3305 3308 3309 3310 3311 3312 6340
38 0 0 870 876 908 909 910 911 912 913 914 6341 6342
39 3 3 3 159 473 488 502 949 959 960 961 962 963 964 965 966 967 968 969
40 1 1 2553 2930 3377 3394 3879 3941 3953 3959 4044 4154 4170 4460 4628 4708 5030 5037 5063 5185 5188 5195 5196 5197 5198 5199 5200 5201 5202
41 0 0 364 373 381 1284 1297 1306 1309 1310 1311 1312 1313 1314 6343
42 0 0 4 140 149 153 155 156 157 158 159 160 161 162 163 6344
43 0 0 3257 4348 4354 4363 4368 4369 4370 4371 4372
44 0 0 882 897 1763 1764 1765 1766 1767 1768 1769
45 0 0 1907 2758 2770 3681 3687 3688 3689 3690 3691
46 0 0 874 880 920 1707 1721 1722 1732 1740 1747 1758 1834 1845 1851 1860 1869 1880 1882 1883 1884 1885 1886 1887 1888 1889
47 0 0 2647 2648 2649 2650 2651 6345 6346
48 0 0 424 431 436 437 443 1637 1638 1639 1640 1641 1642 1643 1644 1645 1646 1647 1648 1649
49 0 0 3932 3992 4028 4035 4036 4037 4038 4039 4040
50 0 0 5044 5045 5046 5047 5048 5049 5050 5051 5052 5053 5054 5055 5056 5057
51 0 0 2814 2834 2835 2857 2890 3492 3496 3510 3523 3524 3525 3526 3527 3528
52 0 0 21 37 38 39 40 41 42 43 44 6347 6348
53 0 0 3725 3726 3727 3728 3729 3730 3731 3732 3733 3734
54 0 0 2593 2602 3330 3349 3366 3369 3370 3371 3372
55 0 0 586 600 616 1104 1166 1168 1169 1170 1171 1172 1173 1174 1175 1176 1177 1178 1179 1180 1181 1182 1183 1184 1185
56 0 0 108 420 425 434 437 438 439 440 441 442 6349
57 0 0 1040 1090 1112 2288 3779 3780 3781 3782 3783 3784 3785 3786 3787 3788 3789 3790
58 0 0 790 795 799 808 1546 1572 1575 1591 1592 6350
59 0 0 4130 5674 6000 6042 6217 6226 6231 6234 6235 6236 6237 6238
60 0 0 2102 2103 2104 2105 2106 2107 2108 2109 2110 6351
61 0 0 5 122 135 472 483 485 486 487 488 489 490 491 6352 6353
62 0 0 1462 2291 2308 2310 2316 2317 2318 6354
63 0 0 747 756 924 925 926 927 928 929 930 931 932 933
64 0 0 79 99 106 111 113 114 115 116 6355 6356
65 0 0 3049 3060 4072 4088 4121 5146 5154 5157 5158 5159 5160 5161 5162 5163 6357
66 0 0 2324 2325 2326 2327 2328 2329 2330 2331 2332 2333 6358
67 0 0 631 632 633 634 635 636 637 638 6359
68 0 0 4187 4198 4205 4806 4823 4961 4990 4997 5217 5226 5228 5917 5941 6168 6173 6205 6272 6296 6304 6308 6311 6314
69 0 0 56 60 575 587 614 617 679 1150 1165 1173 1186 1187 1188 1189 1190 1191 1192
70 0 0 219 243 262 518 729 735 983 1048 1116 1127 1606 1608 1609 1610 1611 1612 1613 1614 1615 1616 1617 6360
71 0 0 350 881 894 1763 1771 1776 1777 1778 1779 1780 6361 6362
72 0 0 5888 5893 5979 6131 6132 6133 6134 6135 6136 6137 6138
73 0 0 4156 4627 5026 5176 5181 5182 5183 5184 5185 5186 5187
74 0 0 5156 5163 5767 5828 6019 6048 6051 6053 6054 6055 6363
75 0 0 726 727 728 729 730 731 732 733 6364
76 0 0 4125 4417 4537 4558 4569 4589 5147 5160 5602 5742 5746 5817 5819 6015 6033 6037 6049 6050
77 0 0 266 281 282 283 284 285 286 287 6365 6366
78 0 0 282 791 794 799 800 801 802 803 6367
79 0 0 1402 1410 1411 1412 1413 1414 1415 1416 1417 1418 1419 1420 1421 1422 1423
80 0 0 3716 3890 3937 3957 4501 4930 4952 4967 4974 4977 4980 5015 5034 5035 5036 5037 5038 5039 5040 5041 5042 5043
81 0 0 86 193 205 210 211 212 213 214 6368
82 0 0 4760 4766 4773 4776 4781 4793 4799 5441 5445 5452 5453 5454 5455 5456 5457 5458 6369
83 0 0 1873 2734 3191 3202 3217 3230 3245 3249 3268 3269 3270 3271 3272 3273 3274 3275 3276
84 0 0 1319 1323 1324 1325 1326 1327 1328
85 0 0 2183 2204 2213 2218 2229 3857 3860 3872 4630 5501 5503 5504 5505 5506 5507 5508
86 0 0 395 408 525 543 546 608 620 637 650 653 656 662
87 0 0 5779 5785 5788 5793 5795 5798 5802 6077 6090 6112 6115 6116
88 0 0 1219 1231 1292 1927 1932 1933 1934 1935 1936 1937 6370
89 0 0 3740 4157 4430 4450 4464 4476 4504 4629 5014 5018 5026 5027 5028 5029 5030 5031 5032 5033
90 0 0 327 360 372 1248 1313 2274 2277 2796 2801 2804 2805 2806 2807 2808 2809
91 0 0 361 1298 1310 2752 2792 2795 2801 2802 2803
92 0 0 4832 4839 5272 5288 5289 5290 5291 5292 5293 5294 5295 5296 5297
93 0 0 332 370 374 375 376 377 378 379 380 381 6371
94 0 0 1224 1230 1457 1943 2312 2495 2500 2736 2747 2765 2773 2798 3656 3900 3916 3919 3920 3921 3922 6372
95 0 0 852 1684 2686 4204 4822 5905 5911 6271 6284 6306 6309 6313
96 0 0 733 1119 1448 1449 1450 6373
97 0 0 220 259 522 604 728 734 735 6374
98 0 0 4338 5052 5099 5105 5107 5108 5109 5110 5111 5112 5113 5114
99 0 0 177 206 711 1466 1474 1583 1596 1597 1598 6375 6376
100 0 0 767 1522 1529 1956 1983 2027 2030 2033 2034 2035 2036 2037 2038 2039
101 0 0 4284 4342 4347 4352 4353 4354 4355 4356 4357
102 0 0 766 780 918 1515 1520 1535 2070 2448 2450 2454 2467 2473 6377
103 0 0 178 179 180 181 182 183 184 185 6378
104 0 0 233 248 260 279 295 304 308 816 991 1599 1600 1601 1602 1603 1604 1605 1606 1607 6379
105 0 0 1741 1795 1806 1814 1815 1816 1817 1818 1819 1820 1821 1822
106 0 0 1751 1762 1814 1852 1885 4855 4869 4880 4882 4889 4890 4891 4892
107 0 0 4124 4412 5161 5269 5384 5604 5723 5737 5740 5743 5744 5745 5746 5747 5748 5749 5750 5751 5752
108 0 0 244 254 261 292 727 1604 1612 1618 1619 1620 1621 1622 6380
109 0 0 157 166 965 978 2573 2889 2904 2915 2937 2945 2946 2947 2948 2949 2950 6381
110 0 0 926 1864 1976 2735 3192 3201 3202 3203 3204 3205 3206 3207 3208 3209
111 0 0 1808 1828 1913 1914 1915 1916 1917 1918 1919 1920 1921 6382
112 0 0 845 1656 1657 1658 1659 1660 6383
113 0 0 126 133 329 468 492 1251 1262 1264 1265 1266 1267 1268 1269 1270
114 0 0 2074 2665 2816 2829 2835 2836 2837 2838 2839 2840 2841 2842
115 0 0 1787 3109 4552 4566 4600 4605 4613 4618 4828 4844 5301 5307 5315 5566 5575 5582 5583 5584 5585 5586 6384
116 0 0 490 499 934 952 955 968 971 974 982 6385 6386
117 0 0 610 615 630 645 1096 1097 1098 1099 1100 1101 1102 1103 6387
118 0 0 334 1286 1296 1824 1857 1908 1926 2490 2759 3677 3692 3697 3706 3707 6388 6389
119 0 0 3612 3622 3636 4633 4656 4695 4790 5395 5397 5407 5414 5418 5419 5420
120 0 0 12 17 117 127 128 129 130 131 132 133 6390
121 0 0 2647 2670 3468 3477 3535 3549 3550 3551 6391 6392
122 0 0 5921 6156 6169 6170 6171 6172 6173 6174 6175 6176
123 0 0 4413 4567 4584 4597 5262 5382 5596 5597 5598 5599 5600 5601 5602 5603 5604 5605 5606
124 0 0 392 401 404 414 525 526 527 528 529 530 531 532 6393
125 0 0 884 898 1766 1770 1781 1782 1783 1784 6394
126 0 0 3486 3487 3488 3489 3490 3491 3492 3493 3494 3495
127 0 0 5487 5615 5627 5635 5649 5700 5704 5848 5932 5933 5934 5935 5936 5937 5938 5939
128 0 0 61 611 618 680 1098 1105 1121 1130 1151 1174 1188 1193 1200 1201 1202 1203 1204 1205 1206 1207 1208 1209 1210 6395
129 0 0 2115 2132 2135 2136 2137 2138 2139 2140 2141 2142 2143 2144 2145 2146 6396
130 0 0 374 1288 1301 1302 1303 1304 1305 1306 1307 1308 6397
131 0 0 503 935 950 958 967 970 971 972 973 6398
132 0 0 1179 2193 3326 3344 3350 3361 3378 3852 3865 3868 3871 3874 3875 3876 3877 3878 3879 3880 3881
133 0 0 1918 1923 2465 2477 2479 2480 2481 2482 6399
134 0 0 708 1389 1393 1396 1403 1901 2419 2420 2421 2422 2423 2424 2425
135 0 0 5982 6137 6141 6145 6178 6197 6247 6250 6257 6264 6274 6288 6293
136 0 0 198 694 720 819 1356 2632 3054 3418 3421 3422 3423 3424 3425 3426 3427 3428 3429
137 0 0 1364 2148 2384 2513 2532 2534 4096 4229 4323 4328 4436 4487 4512 4517
138 0 0 1899 2423 3121 3128 3129 3130 3131 3132 3133 3134 3135 3136 3137
139 0 0 2723 2724 2725 2726 2727 2728 2729 2730 2731 2732
140 0 0 2767 2777 3683 3688 4862 4884 4901 4916 4917
141 0 0 190 690 1348 1349 1350 1351 1352 1353 1354 1355 1356 1357 1358 6400 6401
142 0 0 5559 5573 5966 6001 6012 6024 6035 6043 6223 6230 6235 6242 6254 6256
143 0 0 3725 3735 3749 3753 3762 3778 4420 4442 4447 4448 4449 4450 4451 4452
144 0 0 2257 2261 2287 2306 3036 3709 3893 3908 3968 3991 4000 4001 4002 4003 4004
145 0 0 4429 4462 4495 4496 4497 4498 4499 4500 4501 4502 4503 4504 4505
146 0 0 2368 2380 2383 2390 2512 2527 2531 2534 2535 2536 2537 6402
147 0 0 454 837 838 839 840 841 842 843 844 845 6403 6404
148 0 0 32 336 352 872 878 899 1715 1719 1728 1733 1734 1735 1736 1737 1738 1739 1740 6405
149 0 0 772 778 862 863 864 865 866 867 868 869 870 871 872 873 874 6406
150 0 0 5240 5248 5349 5369 5717 5777 5784 5794 6071 6085 6086 6087 6088 6089 6090 6091 6092
151 0 0 3043 3911 4931 4949 4950 4951 4952 4953 4954 4955 4956 4957 4958
152 0 0 3662 3669 3675 4800 4815 4947 4985 4988 4999 5000 5003
153 0 0 2823 2847 2854 2862 2871 3497 3525 4166 4172 4661 4673 4707 4714 5189 5203 5204 5205 5206 5207 5208 5209
154 0 0 2110 2117 2125 2134 2135 2614 2616 2663 3547 3577 3583 3588 3596 3599 3600
155 0 0 1648 2971 2986 2990 2991 2992 2993 2994 2995 2996 2997
156 0 0 1220 1234 1932 1941 2496 2755 2762 2768 2769 2770 2771 2772 2773 2774 2775 2776 2777
157 0 0 686 847 855 856 857 858 859 860 861 6407
158 0 0 387 758 1564 1569 1594 1991 2012 2041 2057 2060 2063 2064 6408
159 0 0 35 341 868 877 912 1733 1803 1831 1838 1843 1856 1860
160 0 0 4499 5008 5039 5049 5059 5073 5085 5091 5092 5093 5094 5095 5096
161 0 0 689 1278 1279 1280 1281 1282 1283 6409
162 0 0 4211 4319 4332 5103 5108 5118 5236 5341 5716 5775 5780 5781 5782 5783 5784 5785
163 0 0 5562 5591 5981 5994 6004 6007 6218 6233 6234 6239 6240 6241 6242
164 0 0 5614 5830 6014 6028 6030 6045 6046 6047 6048
165 0 0 6259 6260 6261 6262 6263 6264 6265 6266 6267 6268 6269 6270 6271 6272 6273
166 0 0 4242 4246 4254 4256 4264 5271 5283 5284 5285 5286 5287 5288 6410
167 0 0 55 572 580 590 596 1186 1335 2333 2336 2356 2358 2362
168 0 0 713 721 1468 1477 2408 3072 3154 3156 3157 3158 3159 3160 3161 3162 3163 3164 3165
169 3 3 6 134 160 471 487 497 675 962 1216 1257 1266 1274 1671 2577 2865 3975 3995 4021 4025 4026 4031 4040 4041 4045 4046
170 0 0 67 164 1162 1176 1190 2352 2355 2947 3328 3353 3356 3357 3358 3359 3360 3361 3362 3363 3364 6411
171 0 0 773 1517 1523 1527 1881 1956 1957 1958 1959 1960 1961 1962 1963
172 0 0 268 276 288 289 290 291 6412
173 0 0 273 315 744 752 1499 1987 2002 2047 2049 2053 2054 2055 6413
174 0 0 4208 4209 4210 4211 4212 4213 4214 4215 4216 4217 4218 4219 4220
175 0 0 5499 5507 5520 5525 5530 5540 5544 5547 5549 5550 5551
176 0 0 975 2579 2887 2893 2903 2920 2927 2941 2942 2943 2944 2945
177 0 0 3123 3132 3218 4239 4247 4394 4397 4398 4399 4400 4401 4402 4403 4404 4405 4406 4407
178 0 0 4725 4730 4761 4767 4774 4775 4776 6414
179 0 0 347 833 892 1651 1772 1779 3102 3103 6415 6416
180 0 0 51 58 59 60 61 62 63 64 65 66 67 68 6417 6418
181 0 0 77 97 203 419 1082 2095 2220 2246 2381 2397 2400 2401 2402 2403 2404 2405 2406
182 0 0 1087 1088 1089 1090 1091 1092 1093 1094 1095
183 0 0 41 48 396 400 402 411 412 413 414 6419
184 0 0 1010 1026 1075 1344 2187 2195 2196 2197 2198 2199
185 0 0 1707 1708 1709 1710 1711 1712 1713 1714 1715 6420
186 0 0 5953 5973 6063 6079 6099 6105 6113 6120 6121 6122 6123
187 0 0 4133 4139 4146 4643 4779 4786 5409 5442 5453 5459 5460 5461 5462 5463 5464 5465
188 0 0 1455 2297 2311 3038 3655 3903 3905 3915 3921 4904 4915 4945 4955 4984 4991 5000 5001 5002
189 0 0 3035 3818 4514 5081 5528 5538 5541 5542 5543 5544 5545
190 0 0 4271 4279 4286 4293 4297 4303 4308 4315 4327 4331 4340 4346 4355 4377 4383 5102 5250 5258 5327 5328 5329 5330 5331 5332
191 0 0 2502 2739 3208 3241 3270 3898 3899 3900 3901 3902 3903 3904
192 0 0 350 351 352 353 354 355 356 357 6421 6422
193 0 0 3643 4715 4716 4717 4718 4719 4720 4721 6423
194 0 0 5183 5207 5211 5474 5621 5629 5632 5654 5665 5679 5681 6161 6187 6194 6195 6196
195 0 0 1456 2253 2266 2269 2278 2290 2291 2292 2293 2294 2295 2296 2297 2298 2299 6424
196 0 0 1543 1556 1580 1584 1896 2433 2438 2547 3149 3166 3167 3168 3169 3170 3171 3172
197 0 0 5170 5180 5181 5218 5617 5618 5619 5620 5621 5622 5623 5624
198 0 0 34 334 335 336 337 338 339 340 341 342 343 344 345 6425
199 0 0 986 2506 3813 3827 3829 3830 3831 3832 3833
200 0 0 1697 1702 1706 2678 3639 4720 4768 5898 5907 6269 6282 6289 6297 6310
201 0 0 1362 1363 1364 1365 1366 1367 1368 1369 6426
202 0 0 141 161 167 671 960 1156 1161 2576 2944 2946 3357 3400 3977 4006 4019 4020 4026 4027
203 0 0 3298 3765 4210 4221 4485 5150 5727 5752 5758 5760 5762 5763
204 0 0 427 435 456 837 941 1643 2098 2623 2630 2970 2982 2983 2984 2985 2986 2987 2988 2989 6427 6428
205 0 0 2101 2403 2956 2967 2979 3002 3013 3016 3021 3022 3023 3024 3025 3026 3027 6429
206 0 0 893 3647 4740 4743 4748 5440 5450 5466 5467 5468 5469 5470 6430 6431
207 0 0 5502 5508 5512 5516 5521 5526 5533 5539 5548 5549 5554 5557
208 0 0 1033 1088 1101 1110 1178 1208 2188 2282 3715 3781 3803 3834 3867 3874 3882 3883 3884 3885 3886 3887 3888 3889
209 0 0 1679 2075 2825 2830 2848 2853 2863 3627 4172 4173 4174 4175 4176 4177 4178 6432
210 0 0 4212 4317 4334 4356 5098 5104 5113 5119 5330 5334 5342 5772 5783 5786 5787 5788
211 0 0 4807 4817 4821 4826 4942 4963 4986 4987 4988 4989 4990
212 0 0 762 768 1521 1534 1996 2036 2040 2062 2064 2069 2070 2071
213 0 0 1170 1198 1200 2250 3712 3892 3949 3966 3980 3986 3987 3988 3989 3990 3991
214 0 0 3604 3624 4637 4727 4732 4788 4797 5656 5685 5687 5688 5689 5690 5691
215 0 0 706 1388 1391 1395 1396 1397 1398 6433
216 0 0 1245 1254 1263 1270 1277 1666 1676 2806 2811 3039 3659 3671 4012 4034 4048 4051 4055 4056 4057 4058
217 0 0 914 1794 1804 1805 1806 1807 1808 1809 1810 1811 1812 1813 6434
218 0 0 3722 4808 4994 5004 5421 5422 5423 5424 5425 5426 5427 5428
219 0 0 566 1057 1064 1315 1323 1346 2156 2157 2158 2159 2160 2161 2162 2163 2164 2165
220 0 0 783 922 1509 1510 1511 1512 1513 1514 1515 1516 1517 1518 1519
221 0 0 1237 1238 1239 1240 1241 1242 1243 1244 1245
222 0 0 1428 1475 3073 3087 3089 3090 6435
223 0 0 66 144 147 151 152 153 154 6436
224 0 0 737 931 1626 2005 2051 2738 3224 3240 3248 3249 3250 3251
225 0 0 457 838 1645 2109 2119 2624 2629 2985 3482 3586 3594 4152 4655 4667 4690 4698 4699 4700 6437
226 0 0 4836 4843 4850 5282 5291 5318 5319 5326
227 0 0 62 148 152 165 674 677 1154 1157 1161 1162 1163 1164 1165 1166 1167
228 0 0 92 830 1785 2641 2642 2643 2644 2645 2646 6438 6439
229 0 0 3200 3209 3222 3276 3280 4392 4909 5133 5359 5367 5879 5928 5961 6084 6091 6093 6097 6127 6130
230 0 0 3284 3292 3301 3432 3441 3442 3443 3444 3445 3446 6440
231 0 0 2194 2199 3858 3869 3877 3888 5509 5513 5514 5515 5516
232 0 0 72 73 74 75 76 77 6441 6442
233 0 0 529 538 555 622 664 998 1008 1012 1020 1021 1022 1023 1024 1025 1026 1027 1028 1029 1030 1031
234 0 0 82 195 210 690 691 692 693 694 695 6443 6444 6445
235 0 0 33 337 353 899 900 901 902 903 904 905 906 907 6446 6447
236 0 0 551 996 1007 1012 1013 1014 1015 1016 6448
237 0 0 730 1122 1131 1448 1461 1611 1618 2256 2292 2300 2301 2302 2303 2304 2305 2306 2307 2308 2309
238 0 0 5624 5630 5637 5642 5648 5655 5663 5667 5676 5680 5682 5686 5691 5938 6069 6160 6187 6188 6189 6190 6191 6192 6193
239 0 0 44 50 52 63 413 533 542 570 607 611 612 613 614 615 6449
240 0 0 2680 4181 4724 4769 4794 5457 6201 6210 6263 6285 6290 6292 6297 6298 6299 6450
241 0 0 3841 3851 4336 5050 5069 5089 5097 5098 5099 5100 5101
242 0 0 4544 4558 4559 4560 4561 4562 4563 4564 4565 4566
243 0 0 556 660 666 1025 1044 1055 2377 3031 3799 3815 3816 3817 3818 3819 3820 3821 3822 3823 6451
244 0 0 5279 5304 5309 5321 5322 5323 6452
245 0 0 145 150 154 163 169 669 670 671 672 673 674 675 676
246 0 0 1750 4851 4869 4870 4871 4872 4873 4874
247 0 0 511 1134 1139 1140 1141 1142 1143 1144 1145 1146 1147 6453
248 0 0 2146 2666 2878 2907 2918 2939 3490 3501 3513 3523 3532 3546 3563 3571 3585 3598 3599 4167 4664 4670 4687 4705 4714
249 0 0 1437 1444 1463 1478 2407 2408 2409 2410 2411 2412 6454
250 0 0 1095 1103 1114 1203 2249 2281 3708 3709 3710 3711 3712 3713 3714 3715 3716
251 0 0 378 463 464 465 466 467 6455
252 0 0 4851 4852 4853 4854 4855 4856 4857 4858 4859 4860 4861 4862 4863 4864 4865 4866 4867 4868
253 0 0 532 540 545 574 585 613 616 617 618 619 620 621 622 623 624 625 626 627 628 629 630
254 0 0 1660 3461 3462 3467 3580 3590 4658 4677 4678 4688 4701 4702 6456
255 0 0 2412 3076 3082 3098 3118 3164 3180 4231 4232 4233 4234 4235 4236 4237 4238 4239 4240 4241 4242 6457
256 0 0 1955 2785 2793 2812 3661 3663 3664 3665 3666 3667 3668 3669
257 0 0 508 1118 1143 1195 1206 1446 1451 1452 1453 6458
258 0 0 676 682 1137 1145 1148 1149 1150 1151 1152 1153 1154 1155
259 0 0 25 1382 2961 3021 3028 3061 3062 3063 3064 6459
260 0 0 447 2099 2202 2223 2228 2229 2230 2231 2232 2233 2234 2235 2236 2237
261 0 0 524 990 1047 1614 3795 3807 3809 3810 3811 3812 3813 3814
262 0 0 5212 5221 5231 5473 5474 5475 5476 5477 5478 5479 5480 5481 5482
263 0 0 1223 1235 1933 1938 1939 1940 1941 1942 1943 1944 1945 1946 6460
264 0 0 417 450 1066 1084 2093 2179 2201 2212 2217 2218 2219 2220 2221 2222 2223 2224 2225 2226 2227
265 0 0 2108 2136 2618 2886 2909 2929 3391 3592 3600 4153 4168 4660 4665 4691 4699 4705 4706 4707 4708 4709 4710
266 0 0 3653 4739 4759 4764 4778 5437 5438 5439 5440 5441 5442 5443 5444
267 0 0 2651 2652 2653 2654 2655 2656 2657 6461 6462
268 0 0 4468 4503 5013 5024 5027 5178 5480 5483 5484 5485 5486 5487 5488 5489 5490 5491
269 0 0 221 224 225 226 227 228 6463
270 0 0 2545 2551 3171 3227 3253 3260 3266 3278 4364 4370 4375 4379 4380 4381 4382
271 0 0 4126 4144 4147 4641 4642 4643 4644 4645 4646 4647 6464
272 0 0 2606 3339 3389 3398 3406 3407 3408 6465
273 0 0 3124 3158 3183 4064 4071 4236 4390 4399 4416 4520 4586 5257 5262 5263 5264 5265 5266 5267 5268 5269 5270
274 0 0 1494 1547 1577 1581 2429 2430 2431 2432 2433 2434 6466
275 0 0 1861 1862 1863 1864 1865 1866 1867 1868 1869 1870 1871 1872 1873
276 0 0 448 1634 2170 2200 2233 2585 2586 2587 2588 2589 2590 2591 2592 2593 6467
277 0 0 2743 2749 2763 2771 2783 3207 3654 3902 3920 4857 4875 4893 4897 4898 4899 4900 4901 4902 4903 4904
278 0 0 519 605 632 639 647 654 731 734 1049 1097 1108 1115 1125 1126 1127 1128 1129 1130 1131 1132 6468
279 0 0 1068 2162 2181 2205 2214 3343 3352 3853 3861 3871 3872 3873
280 0 0 1670 1677 1680 1690 4189 4202 4803 4818 4822 4823 4824 4825 4826
281 0 0 3243 3271 3898 3909 3917 4911 5126 5133 5134 5135 5136 5137 5138 5139 5140
282 0 0 234 813 985 1603 2503 2504 2505 2506 2507 2508 2509 2510 6469
283 0 0 818 1600 2508 2542 3226 3236 3252 3255 3256 3257 3258 3259 3260 3261 3262 3263 3264 6470
284 0 0 319 320 321 6471 6472
285 0 0 264 265 266 267 268 269 270 271 272 273 274 6473 6474
286 0 0 354 901 1709 1716 1739 1749 1752 1753 1754 1755 1756 1757 1758 1759 1760 1761 1762
287 0 0 176 182 189 197 716 819 820 821 822 823 824 825 826
288 0 0 5668 6180 6211 6215 6225 6226 6227 6228 6229
289 0 0 3127 3137 3182 3190 3220 3234 3273 3281 4379 4385 4388 4389 4390 4391 4392 4393 4394 4395 4396
290 0 0 564 1629 2163 2166 2167 2168 2169 2170 2171 2172 6475
291 0 0 4101 4115 4289 4294 4326 4330 5249 5250 5251 5252 5253 5254
292 0 0 953 976 2084 2582 2820 2840 2843 2879 2894 2902 2903 2904 2905 2906
293 0 0 19 43 54 569 578 579 580 581 582 6476
294 0 0 18 39 53 535 568 569 570 571 572 573 574 575 576 577
295 0 0 23 26 27 28 29 30 6477 6478
296 0 0 736 1506 1986 2000 2013 2048 2049 2050 2051 2052
297 0 0 2144 2619 2880 2900 2907 2908 2909 2910 2911 2912 2913 2914 2915 2916
298 0 0 3601 3615 3620 4726 4729 4730 4731 4732 4733 4734 6479
299 0 0 2567 2872 2877 2897 2898 2899 2900 2901
300 0 0 4404 4580 4599 5376 5599 5820 5876 5957 6083 6101 6123 6125 6128 6129 6130
301 0 0 1349 3047 3057 3285 3288 3314 3446 4095 4222 5149 5150 5151 5152 5153 5154 5155 5156 6480
302 0 0 2977 2991 2998 3434 3741 4158 4163 4164 4165
303 0 0 6138 6143 6149 6155 6177 6246 6255 6258 6259 6274 6275 6276 6277 6278 6279
304 0 0 853 1687 1699 1703 2678 2679 2680 2681 2682 2683 2684 2685 2686 2687 6481
305 0 0 93 2645 3078 3086 3412 3419 4234 4521 4530 4531 4532 4533
306 0 0 40 46 534 568 579 583 584 6482 6483
307 0 0 3052 3425 4076 4081 4084 4090 4091 4092 4093 4094
308 0 0 2637 3059 3409 3426 4070 4086 4117 4118 4119 4120 4121 4122 4123 4124 4125
309 0 0 2717 2718 2719 2720 2721 2722 6484
310 0 0 3721 4939 4966 4993 5127 5424 5922 5923 5924 5925 5926 5927 5928 5929 5930 5931
311 0 0 2677 3475 3486 3505 3507 3522 3538 3551 3557 3559 3560 3561 3562 3563 3564 3565 3566 3567 6485
312 0 0 688 848 859 1281 1685 1904 1951 2702 2779 3700 4812 4866 4923 4926 4928 5432 5860 5868 5903 5910 5911 5912 5913 5914 5915
313 0 0 7 13 14 15 16 17 6486 6487
314 0 0 3733 3752 3774 4419 4439 4440 4441 4442 4443 4444 4445 4446
315 0 0 3924 3938 3958 3982 4940 4964 4975 4979 4980 4981 4982
316 0 0 5378 5387 5807 5812 5821 5954 5969 6080 6104 6119 6122 6124 6125 6126
317 0 0 31 32 33 34 35 36 6488 6489
318 0 0 418 429 440 445 1637 2094 2217 2231 2597 2951 2976 2988 2997 3014 3015 3016 3017 3018 3019 3020
319 0 0 4218 5022 5117 5489 5613 5705 5707 5838 5844 5845 5846 5847 5848 5849
320 0 0 4648 4649 4650 4651 4652 4653 4654 4655 4656 4657 4658 4659 4660 4661 4662 4663 4664
321 0 0 466 964 1213 1674 1678 2078 2091 2564 2578 2822 2833 2845 2860 2861 2862 2863 2864 2865 2866 2867 6490
322 0 0 132 322 366 512 1244 1247 1269 1272 2263 2272 2273 2274 2275
323 0 0 3601 3602 3603 3604 3605 3606 3607 3608 3609 3610 3611 3612 6491
324 0 0 856 1738 1753 2690 2697 2698 2699 2700 2701 2702 2703 2704
325 0 0 3197 5426 5430 5858 5869 5874 5884 5895 5906 5913 5930 5946 5947 5948 5949 5950 5951
326 0 0 1237 1255 3978 3994 4023 4032 4037 4045 4047 4048 4049
327 0 0 2224 2238 2239 2240 2241 2242 2243 2244 2245 2246 2247
328 0 0 1354 2636 3046 3047 3048 3049 6492
329 0 0 171 712 718 1427 1465 1473 1587 1598 3071 3089 3150 3162 3169 3174 3185 3186 6493
330 0 0 101 102 113 415 428 449 1638 2093 2094 2095 2096 2097 2098 2099 2100 2101 6494
331 0 0 2675 3458 3474 3542 3558 3560 3579 3580 3581 3582
332 0 0 1318 1327 1338 2327 2342 2344 2347 2348 2349 6495
333 0 0 5232 5478 5636 5651 5693 5699 5700 5701 5702
334 0 0 2371 2382 2389 2395 2399 2406 2536 4435 4470 4482 4511 4518 6496
335 0 0 537 553 571 581 583 628 999 1009 1013 1017 1018 1019 1020 6497 6498
336 0 0 2552 2553 2554 2555 2556 2557 2558 2559 2560 2561 2562
337 0 0 4406 4576 5363 5372 5373 5374 5375 5376 5377 5378
338 0 0 4522 4541 4547 4570 4588 4589 4590 4591 4592 4593 4594
339 0 0 4192 5192 5201 5213 5220 5221 5222 5223 5224 5225 5226 5227
340 0 0 2728 3135 3189 3216 4258 4405 4596 5565 5579 5601 5851 5862 5864 5872 5873 5874 5875 5876 5877 5878 5879 5880
341 0 0 1352 1361 3053 3146 3319 4092 4099 4109 4111 4112 4113 4114 4115 4116 6499
342 0 0 467 478 484 491 498 504 943 957 966 982 1211 1212 1213 1214 1215 1216 1217 6500
343 0 0 652 1038 1045 1111 1129 3785 3791 3805 3806 3807 3808
344 0 0 0 120 134 135 136 137 138 139 140 141 142 143 144 145 6501 6502
345 0 0 5254 5261 5270 5386 5721 5732 5733 5734 5735 5736 5737 5738
346 0 0 832 1654 1788 3102 3111 4614 4615 4616 4617 4618 4619 4620 6503 6504
347 0 0 1073 2191 3030 3801 3822 5084 5532 5542 5552 5555 5556
348 0 0 5482 5491 5495 5607 5634 5653 5694 5699 5703 5704 5705 5706
349 0 0 1419 1432 1483 1487 1488 1489 1490 1491 6505
350 0 0 1537 1538 1539 1540 1541 1542 1543 1544 1545 1546 1547 1548 6506 6507
351 0 0 24 29 96 1375 1377 2096 2241 2392 2396 2401 2952 2961 2962 2963 2964 2965 2966 2967 2968 6508
352 0 0 70 226 230 237 245 252 254 255 256 6509 6510
353 0 0 629 663 1030 1032 1033 1034 1035 1036 1037 1038 1039 1040 1041
354 0 0 719 2638 3077 3156 3410 3417 3427 4062 4118 4233 4409 4520 4521 4522 4523 4524 4525 4526 4527 4528 4529
355 0 0 552 558 1014 1023 1051 1052 1053 1054 1055 1056 1057 1058 1059 1060 1061 6511
356 0 0 5132 5140 5144 5241 5242 5243 5244 5245 5246 5247 5248
357 0 0 5606 5809 5826 5834 5970 6009 6024 6025 6026 6027 6028 6029
358 0 0 3416 3420 4525 4532 4534 4535 4536
359 0 0 854 861 1693 1694 1695 1696 1697 6512
360 0 0 275 291 296 300 301 302 303 304 305 306 307
361 0 0 223 228 231 240 251 255 257 258 6513
362 0 0 2556 2569 2575 2873 2883 2895 2899 2911 2921 2925 2926 2927
363 0 0 3923 3945 3951 3960 3964 3979 3980 3981 3982 3983 3984 3985
364 0 0 3223 3224 3225 3226 3227 3228 3229 3230 3231 3232 3233 3234
365 2 2 1642 2230 2596 2957 2981 2996 3014 3373 3393 3737 3750 3763 3864 4155 4448 4453 4466 4475 4626 4627 4628 4629 4630 4631 4632
366 0 0 421 441 446 565 1067 1085 2164 2167 2173 2179 2180 2181 2182 2183 2184 6514
367 0 0 299 748 1610 1620 1627 1940 2305 2314 2319 2457 2497 2498 2499 2500 2501 2502 6515
368 0 0 685 849 1282 1301 1664 1683 1684 1685 1686 1687 1688 1689 1690 1691 1692 6516
369 0 0 2646 3414 4531 4534 4554 4609 4612 4621 4622 6517
370 0 0 2703 4924 5448 5853 5866 5881 5882 5883 5884 5885 5886 5887 5888 5889 5890
371 0 0 2073 2664 2828 2838 3495 3515 3526 3531 3534 6518
372 0 0 993 1613 3237 3787 3793 3811 3840 3842 3843 3844 3845 3846 3847 3848 3849 3850 3851
373 0 0 1357 1365 2518 2533 3295 3313 4093 4095 4096 4097 4098 4099 4100 4101 4102 4103 4104 4105 4106 4107 6519
374 0 0 3836 3837 3838 3839 3840 3841
375 0 0 2729 2780 3194 4816 4864 4898 4912 4929 5006 5423 5429 5430 5431 5432 5433 5434 5435 5436
376 0 0 91 827 828 829 830 831 6520
377 0 0 3138 4265 4266 4267 4268 4269 4270 4271 6521
378 0 0 2114 2124 2131 2143 2613 2658 3541 3554 3570 3572 3575 3576 3577 3578
379 0 0 143 474 486 506 673 1133 1140 1148 1159 1273 3974 4008 4010 4016 4018 4020 4021 4022
380 0 0 2859 3498 3518 3609 3629 4635 4657 4672 4693 5204 5647 5661 5666 5677 5678 5679 5680
381 0 0 1415 1435 1440 2411 3092 3095 3096 3097 3098 6522
382 0 0 1636 2599 2604 3333 3363 3368 3372 3386 3387 3388 3389 3390 6523
383 0 0 3777 4219 4426 4440 4463 4479 4492 4505 5011 5018 5019 5020 5021 5022 5023 5024 5025
384 0 0 939 3007 3010 3430 3447 3448 3449 3450 3451 3452 3453 3454 6524
385 0 0 4402 4550 4571 4581 4595 4596 4597 4598 4599 4600 4601 4602 4603
386 0 0 2715 3650 4138 5438 5463 5467 5471 5590 5993 6003 6006 6007 6008 6525
387 0 0 2299 2309 2315 2318 2321 2323 2498 3242 3901 3913 3915 3916 3917 3918 6526
388 0 0 4186 4200 5916 5917 5918 5919 5920 5921
389 0 0 2850 3471 3491 3499 3512 3516 3517 3518 3519 3520 3521 3522 6527
390 0 0 345 1734 1748 1759 1884 2688 2700 4858 4871 4889 4905 4906 4907
391 0 0 788 817 1492 1493 1494 1495 1496 1497 6528
392 0 0 4131 4143 4563 4620 5564 5577 5585 5588 5995 5997 5998 5999 6000 6001 6002 6003 6004 6005 6529
393 0 0 695 723 1348 2632 2633 2634 2635 2636 2637 2638 2639 2640 6530
394 0 0 390 391 392 393 394 395 396 6531 6532
395 0 0 3448 4684 5166 5393 5403 5415 5416 5417 6533
396 0 0 1 136 155 489 499 500 501 502 503 504 6534 6535 6536
397 0 0 597 997 1005 1018 1330 1333 1345 2332 2339 2345 2347 2359 2361 6537
398 0 0 1370 1371 1372 1373 1374 1375 1376 6538 6539
399 0 0 5388 5389 5390 5391 5392 5393 5394 5395 6540
400 0 0 321 349 832 833 834 835 836 6541 6542
401 0 0 1655 1774 1778 1792 3103 3104 3105 3106 3107 3108 3109 3110 3111 3112 3113 3114 6543
402 0 0 558 559 560 561 562 563 564 565 566 567 6544 6545
403 0 0 1061 1070 1080 1086 2157 2180 2208 2209 2210 2211 2212 2213 2214 2215 2216 6546
404 0 0 3256 4285 4349 4352 4368 4373 4374
405 0 0 992 1601 1615 3235 3263 3845 4298 4337 4344 4358 4359 4360 4361 4362
406 0 0 104 116 423 425 426 427 428 429 430 431 6547
407 0 0 432 1647 2103 2121 2609 2622 2629 2630 2631 6548 6549
408 0 0 2152 2387 2505 2511 2523 2524 2525 2526 2527 2528 2529 6550
409 0 0 2149 2378 2385 2515 3820 3824 4312 4431 4471 4491 4506 4507 4508 4509 4510 4511 4512 4513 4514 4515 6551
410 0 0 2814 2815 2816 2817 2818 2819 2820 2821 2822 2823 2824 2825
411 0 0 945 969 981 1212 2080 2084 2085 2086 2087 2088 2089 2090 2091 2092
412 0 0 386 800 1545 1562 1567 1590 1592 1593 1594 1595 6552 6553 6554
413 0 0 271 283 786 797 801 804 805 806 807 808 809 810 811 6555
414 0 0 593 602 624 995 1002 1003 1004 1005 1006 1007 1008 1009 1010 1011
415 0 0 589 595 1169 1343 2330 2335 2349 2353 2357 2358 2359 2360
416 0 0 3110 4827 4828 4829 4830 4831 4832 4833 4834 4835 4836
417 0 0 1791 3100 3106 4604 4616 4849 5275 5294 5300 5305 5306 5307 5308 5309 5310 6556
418 0 0 3231 3247 3274 3849 4359 4365 4380 4393 5135 5142 5246 5337 5345 5347 5352 5353 5354
419 0 0 5107 5247 5343 5350 5366 5715 5774 5782 5787 5794 5795
420 0 0 1910 1954 2757 2764 2775 2778 2779 2780 2781 2782 2783 2784 2785 2786 2787 2788
421 0 0 358 1226 1229 1299 1458 2276 2294 2313 2750 2790 2795 2796 2797 2798 2799 2800 6557
422 0 0 1227 1236 1460 2293 2772 2784 2789 2797 2807 3040 3654 3655 3656 3657 3658 3659 3660 3661 3662
423 0 0 363 1221 1232 1290 1293 1307 1309 1903 1928 1936 1950 2750 2751 2752 2753 2754 2755 2756 2757 2758 2759 2760
424 0 0 3050 3424 4066 4069 4080 4083 4084 4085 4086 4087 4088 4089
425 0 0 4074 4123 4411 5159 5264 5722 5738 5739 5740 5741 5742
426 0 0 871 1712 1718 1724 1728 1729 1730 1731 1732 6558
427 0 0 1710 1720 1725 1760 1886 2415 3131 3211 4250 4257 4258 4259 4260 4261 4262 4263 4264
428 0 0 1392 1397 1723 1729 1887 2413 2414 2415 2416 2417 2418 6559
429 0 0 351 900 1708 1716 1717 1718 1719 1720 1721 6560
430 0 0 1407 1418 1481 1490 1537 1549 1550 1551 1552 1553 1554 1555 1556
431 0 0 1425 1433 1464 1472 1473 1474 1475 1476 1477 1478 1479 6561
432 0 0 1470 1472 1480 1487 1551 1558 1589 1596 6562
433 0 0 1412 1431 1442 1467 1482 1555 1586 2409 2435 3151 3161 3166 3173 3174 3175 3176 3177
434 0 0 4787 5452 5460 5658 5670 5687 5991 6167 6182 6190 6199 6211 6212 6213 6214
435 0 0 5886 5896 5978 6131 6139 6140 6141 6142 6143
436 0 0 5983 5990 6132 6146 6183 6213 6221 6229 6240 6243 6245 6246 6247 6248 6249
437 0 0 4792 4796 5454 5659 5688 6162 6172 6185 6191 6197 6198 6199 6200 6201 6202 6203
438 0 0 462 2969 2983 2995 3004 3481 4160 4662 4680 4698 4703 4709 4711 4712 4713
439 0 0 455 841 938 939 940 941 942 6563
440 0 0 942 2975 2989 3003 3008 3009 3010 3011 3012 3013 6564
441 0 0 453 454 455 456 457 458 459 460 461 462
442 0 0 1376 1383 2963 3025 3062 3070 3304 3308 3323 3732 3745 3754 3759 3767 4433 4444 4455 4481 4519 6565
443 0 0 3068 3286 3288 3289 3290 3291 3292 3293 3294 3295 3296 3297 3298 3299 3300 6566
444 0 0 1369 2369 3065 3294 3309 3317 3321 3322 3323 3324 6567 6568
445 0 0 3064 3069 3283 3290 3301 3302 3303 3304 3305 3306 3307 6569
446 0 0 863 908 917 1812 1840 2472 6570 6571
447 0 0 866 875 913 1799 1804 1827 1832 1837 1838 1839 6572 6573
448 0 0 333 369 380 494 1252 1285 1305 1311 1663 1672 1952 2753 2791 2802 2804 2810 2811 2812 2813
449 0 0 362 368 1233 1287 1292 1293 1294 1295 1296 1297 1298 1299 1300 6574 6575
450 0 0 358 359 360 361 362 363 364 6576
451 0 0 371 375 1278 1284 1285 1286 1287 1288 1289 1290 1291 6577 6578
452 0 0 2538 3141 3255 4272 4282 4353 4369 4373 4375 4376 4377 4378 6579
453 0 0 3228 3239 3264 4345 4358 4363 4364 4365 4366 4367
454 0 0 357 883 896 905 1765 1776 1781 2693 2705 2706 2707 2708 2709 2710 6580
455 0 0 346 886 891 895 1650 1764 1770 1771 1772 1773 1774 1775 6581 6582
456 0 0 1769 1775 1780 1784 2705 3112 4746 4752 4831 4840 4846 5324 5468 5571 5587 5594 5595
457 0 0 885 894 895 896 897 898 6583 6584
458 0 0 1218 1906 1920 1930 1935 2485 2491 2754 2768 3676 3677 3678 3679 3680 3681 3682 3683 3684 3685 3686
459 0 0 1912 2756 2786 3690 3699 4868 4887 4897 4918 4927 4928 4929
460 0 0 2650 2655 2674 3469 3470 3471 3472 3473 3474 3475 3476 3477 3478 3479 3480 6585 6586
461 0 0 2649 2654 2671 3468 3469 6587 6588
462 0 0 1238 1259 3044 3928 3996 4013 4024 4033 4038 4047 4050 4051 4052 4053 4054
463 0 0 963 2561 2566 2581 2864 3931 3942 3963 3972 3984 3993 4005 4027 4030 4036 4041 4042 4043 4044
464 0 0 3964 3965 3966 3967 3968 3969 3970 3971 3972 3973 3974 3975 3976 3977 3978
465 0 0 1217 1258 1669 1675 1681 2866 3936 3946 4029 4035 4043 4046 4049 4052 4057 4174 4189 4190 4191 4192 4193 4194 4195 4196 4197 4198 4199
466 0 0 37 45 46 47 48 49 50 6589 6590 6591
467 0 0 18 19 20 21 6592
468 0 0 3306 3435 3441 3729 3744 3746 3751 3752 3753 3754 3755 3756 3757 6593
469 0 0 2239 2953 2965 3026 3730 3738 3748 3758 3759 3760 3761 3762 3763
470 0 0 1633 2169 2203 2589 2594 2605 3329 3348 3355 3365 3366 3367 3368
471 0 0 1641 2236 2592 2600 2933 3017 3331 3345 3370 3373 3374 3375 3376 3377 3378 3379 3380 3381 3382 3383 3384
472 0 0 416 439 443 444 445 446 447 448 449 450 451 452 6594
473 0 0 102 103 104 105 106 107 108 6595 6596
474 0 0 76 78 100 103 109 114 200 415 416 417 418 419 420 421 422 423 424 6597
475 0 0 105 430 433 438 451 1639 2586 2598 2603 2609 2610 2611 6598
476 0 0 1041 1050 1099 1107 1128 1609 2286 3788 3791 3792 3793 3794 3795 3796 3797
477 0 0 1091 3786 3884 5046 5065 5072 5074 5075 5076 5077
478 0 0 792 794 795 796 797 798 6599
479 0 0 1544 1576 1590 1591 6600 6601
480 0 0 4126 4127 4128 4129 4130 4131 4132 4133 6602
481 0 0 5675 5975 6018 6029 6040 6058 6067 6216 6228 6230 6231 6232 6233
482 0 0 1644 2105 2137 2611 2612 2616 2617 2618 2619 2620 2621 2622 2623 2624 2625 2626 2627 2628 6603
483 0 0 460 839 2102 2113 2118 2119 2120 2121 2122 2123 2124 2125 6604
484 0 0 123 128 468 469 470 471 472 473 474 475 476 477 478 6605
485 0 0 0 1 2 3 4 5 6 6606 6607
486 0 0 1228 1454 1938 2296 2307 2310 2311 2312 2313 2314 2315 6608
487 0 0 1117 1449 1459 2251 2268 2290 2302 2317 2320 2322 2323 6609
488 0 0 933 1960 1970 1981 2003 2023 2024 2025 2026 2027 2028 2029
489 0 0 745 749 929 1625 1942 1975 2458 2482 2492 2497 2733 2734 2735 2736 2737 2738 2739 2740 2741 2742 2743 6610
490 0 0 750 928 1514 1972 2006 2029 2443 2456 2457 2458 2459 2460 2461 2462 2463 2464 2465 2466 6611
491 0 0 924 1866 1971 2004 2020 2028 2733 3203 3233 3248 3265 3268 3277
492 0 0 238 517 633 639 640 641 642 643 644 6612
493 0 0 550 636 655 656 657 658 659 660 661 6613
494 0 0 217 405 516 547 606 635 640 649 653 654 655 6614 6615
495 0 0 521 631 643 651 658 667 989 1037 1042 1043 1044 1045 1046 1047 1048 1049 1050 6616
496 0 0 5890 5897 5902 5909 5915 6134 6142 6260 6275 6280 6281 6282 6283 6284 6285 6286 6287
497 0 0 4742 4747 4753 5443 5447 5469 5568 5592 5595 5854 5885 5894 5901 5977 5978 5979 5980 5981 5982 5983 5984 5985 5986 5987
498 0 0 2732 5570 5855 5861 5870 5873 5891 5946 5958 5985 6100 6129 6133 6144 6145 6146 6147 6148 6149
499 0 0 4721 4741 4771 5446 5456 5887 5900 5977 5988 6136 6139 6184 6200 6261 6276 6280 6288 6289 6290 6291
500 0 0 4162 4165 4171 4663 4706 4712 5169 5179 5184 5193 5196 5206 5214 5617 5664 5681 5682
501 0 0 4632 5032 5175 5182 5197 5210 5479 5488 5494 5622 5625 5626 5627 5628 5629 5630
502 0 0 3443 5151 6020 6044 6055 6056 6057 6617
503 0 0 5148 5155 5158 5749 5761 5768 5829 6016 6032 6047 6049 6051 6052 6618
504 0 0 1417 1436 1438 1439 1440 1441 1442 1443 1444
505 0 0 699 1386 1399 1400 1401 1402 1403 1404 1405 1406 1407 1408 1409 6619
506 0 0 85 205 206 207 208 209 6620 6621
507 0 0 83 172 194 211 693 709 716 717 718 719 720 721 722 723 724 725
508 0 0 170 192 208 212 709 710 711 712 713 714 715 6622 6623
509 0 0 82 83 84 85 86 87 6624 6625 6626
510 0 0 562 1316 1324 2159 2174 2325 2338 2341 2342 2343 6627
511 0 0 599 1006 1024 1056 1076 1183 1320 1326 1329 1338 1339 1340 1341 1342 1343 1344 1345 1346 1347
512 0 0 560 1001 1016 1019 1052 1317 1331 1337 2338 2339 2340 6628 6629
513 0 0 1181 1341 2161 2177 2351 3327 3346 3350 3351 3352 3353 3354 3355 6630
514 0 0 2207 2225 2232 2590 3342 3369 3374 3856 3860 3861 3862 3863 3864 3865 3866
515 0 0 2216 2227 2237 2247 2958 5503 5517 5518 5519 5520 5521
516 0 0 393 398 405 406 407 408 409 410 6631 6632
517 0 0 528 549 554 619 638 648 657 662 663 664 665 666 667 668 6633
518 0 0 390 406 531 546 547 548 549 550 6634
519 0 0 409 544 609 612 626 634 644 645 646 647 648 649 650 651 652
520 0 0 5332 5339 5346 5351 5354 5358 5365 5371 5372 5380 5771 5772 5773 5774 5775 5776 5777 5778 5779
521 0 0 4216 5122 5239 5708 5719 5780 5791 5800 5841 5845 6075 6085 6107 6109 6110 6111 6112
522 0 0 1294 1922 1923 1924 1925 1926 1927 1928 1929 1930 1931 6635
523 0 0 1222 1228 1229 1230 1231 1232 1233 1234 1235 1236 6636
524 0 0 5271 5272 5273 5274 5275 5276 5277 5278 5279 5280 5281 5282 6637
525 0 0 907 1755 2694 2698 2709 4260 4750 4827 4837 4920 5297 5312 5325 5567 5581 5583 5589 5594 5850 5851 5852 5853 5854 5855 5856
526 0 0 355 902 1713 1717 1727 1754 2706 4251 4259 5276 5286 5296 5311 5312 5313 5314 6638
527 0 0 3104 4830 4841 4844 4845 4846 4847 4848 4849 4850
528 0 0 850 1688 1704 2681 4203 5904 5910 6268 6283 6298 6305 6309 6310
529 0 0 1692 1947 4206 4810 4819 4824 5421 5431 5912 5950 6273 6286 6301 6307 6312 6313 6314
530 0 0 732 1115 1116 1117 1118 1119 1120 1121 1122 1123 1124 6639
531 0 0 726 1450 1616 1619 2300 2316 2319 2320 2321 6640
532 0 0 2154 2517 4215 4318 4438 4486 4510 5012 5021 5054 5087 5096 5106 5114 5115 5116 5117 5118 5119 5120 5121 5122
533 0 0 1092 2284 3246 3779 3794 3843 3907 4341 4954 5053 5070 5075 5088 5100 5111 5131 5137 5141 5142 5143 5144
534 0 0 2155 3836 4307 4311 4316 4335 4509 5051 5083 5090 5097 5102 5103 5104 5105 5106
535 0 0 4932 4950 4973 5041 5055 5071 5095 5110 5130 5143 5237 5243 5344 5696 5709 5713 5714 5715 5716 5717 5718 5719 5720
536 0 0 701 774 1876 1961 1993 2014 2018 2032 2033 2061 2067
537 0 0 754 1533 1984 2008 2025 2038 2042 2071 2442 2449 2452 2453 2454 2455 2456 6641
538 0 0 1978 1979 1980 1981 1982 1983 1984 1985 1986 1987 1988 1989 1990 1991 1992 1993 1994 1995 1996
539 0 0 777 784 921 1513 1524 1526 1527 1528 1529 1530 1531
540 0 0 2510 3262 4276 4280 4281 4282 4283 4284 4285 4286 6642
541 0 0 4343 4351 4357 4362 4367 4372 4374 4378 4382 4387 4396 5328 5333 5334 5335 5336 5337 5338 5339
542 0 0 1536 2441 2449 2450 2451 6643
543 0 0 764 769 779 1516 1520 1521 1522 1523 1524 1525
544 0 0 384 759 1532 1533 1534 1535 1536 6644
545 0 0 915 1510 1811 1841 1855 1914 1967 2445 2463 2468 2470 2471 2472 2473 2474 6645
546 0 0 184 187 822 1360 2430 2539 3138 3139 3140 3141 3142 3143 3144 3145 3146 3147 3148 6646
547 0 0 84 175 180 190 191 192 193 194 195 196 197 198 6647
548 0 0 181 186 191 823 1350 1359 1360 1361 6648
549 0 0 170 171 172 173 174 175 176 177 178 6649
550 0 0 1744 1816 1850 3680 3694 3702 4853 4870 4879 4881 4882 4883
551 0 0 1794 1795 1796 1797 1798 1799 1800 1801 1802 1803
552 0 0 923 1509 1746 1801 1809 1815 1833 1842 1846 1847 1848 1849 1850 1851 1852 1853 1854 1855
553 0 0 339 1743 1797 1820 1823 1835 1858 2489 3679 3692 3693 3694 3695 3696 6650
554 0 0 1807 1819 1829 1844 1849 1915 1966 2470 2476 2488 2745 3676 3695 3702 3703 3704 3705
555 0 0 1919 1924 2475 2480 2483 2484 2485 2486 2487 6651
556 0 0 1848 1917 1922 1944 1965 2464 2478 2479 2486 2494 2737 2744 2745 2746 2747 2748 2749
557 0 0 1813 1818 1826 1859 1913 1925 2487 2488 2489 2490 2491 6652
558 0 0 458 843 1657 3463 3483 3587 3595 4659 4682 4689 4700 4701 4703 4704
559 0 0 1658 3456 3466 3467 6653
560 0 0 124 129 330 470 482 492 493 494 495 496 497 498
561 0 0 125 469 510 1242 1250 1260 1268 1271 1272 1273 1274 1275 1276 1277
562 0 0 2081 2090 2815 2826 2827 2828 2829 2830 2831 2832 2833 2834
563 0 0 2667 2836 2875 2892 2906 2917 3494 3511 3528 3532 3533
564 0 0 3500 3519 3611 3625 3638 4634 4654 4671 4692 4693 4694 4695 4696 4697
565 0 0 2656 3617 3634 4135 4149 4782 5392 5398 5401 5406 5413 5414 6654
566 0 0 4647 4783 5391 5400 5405 5406 5407 5408 5409 5410 5411 5412
567 0 0 2652 3472 3517 3610 3621 3626 3634 3635 3636 3637 3638 6655
568 0 0 9 16 131 322 323 324 325 326 327 328 329 330 331 332 333
569 0 0 11 117 118 119 120 121 122 123 124 125 126 6656
570 0 0 2648 2670 2671 2672 2673 2674 2675 2676 2677 6657
571 0 0 3537 3550 3552 3559 6658 6659 6660
572 0 0 4178 4188 4199 4207 5190 5205 5216 5224 5916 6163 6174 6196 6204 6205 6206
573 0 0 6153 6157 6171 6179 6198 6209 6251 6262 6278 6291 6292 6293 6294 6295 6296
574 0 0 5219 5227 5235 5473 5631 5652 5926 5937 5944 6151 6158 6176 6186 6189 6195 6206 6252 6266 6279 6295 6300 6303 6304
575 0 0 2683 4182 4722 4795 5683 5689 5918 6165 6170 6193 6202 6207 6208 6209 6210
576 0 0 4578 5375 5381 5597 5747 5804 5811 5819 5820 5821 5822 5823 5824 5825 5826 5827
577 0 0 4414 4538 4545 4560 4567 4568 4569 4570 4571 4572 4573 4574 4575
578 0 0 904 1768 1783 2692 2707 3642 3648 4737 4744 4748 4749 4750 4751 4752 4753 6661
579 0 0 881 882 883 884 885 886
580 0 0 2851 3488 3496 3497 3498 3499 3500 3501 3502 3503 3504 3505 3506
581 0 0 2669 2842 3476 3489 3507 3508 3509 3510 3511 3512 3513 3514 3515 6662
582 0 0 979 2139 2620 2661 2885 2905 2908 2919 2937 2938 2939 2940 6663
583 0 0 2104 2111 2129 2141 2612 2613 2614 2615 6664
584 0 0 500 934 935 936 937 6665
585 0 0 943 944 945 946 947 948 949 950 951 952 953 954 6666
586 0 0 156 501 937 951 959 970 974 975 976 977 978 979 980 981 6667
587 0 0 936 946 955 956 957 958 6668 6669
588 0 0 1929 1934 1939 2459 2481 2483 2492 2493 2494 2495 2496 6670
589 0 0 1916 1968 2446 2466 2471 2475 2476 2477 2478 6671
590 0 0 1384 1391 1392 1393 1394 6672
591 0 0 707 1405 1413 1871 1890 1891 1892 1893 1894 1895 1896 1897 1898 1899 1900 1901 1902
592 0 0 696 697 698 699 700 701 702 703 704 705 706 707 708 6673
593 0 0 1387 1404 1414 1439 1902 2420 3091 3096 3120 3178 4231 4243 4244 4245 4246 6674
594 0 0 1366 2367 2386 2530 2535 3297 3311 3316 3322 3771 4097 4225 4324 4432 4446 4484 4488 4513 4516 4517 4518
595 0 0 2147 2388 2511 2512 2513 2514 2515 2516 2517 2518 2519 2520 2521 2522 6675
596 0 0 1897 3115 3116 3117 3118 3119 3120 3121 3122 3123 3124 3125 3126 3127
597 0 0 1867 1879 1889 1900 2413 2424 2426 2723 3129 3188 3201 3210 3211 3212 3213 3214 3215 3216 3217 3218 3219 3220 3221 3222
598 0 0 1756 2725 3213 4261 4860 4891 4896 4907 4913 4921 5433 5580 5850 5859 5864 5865 5866 5867 5868 5869 5870 5871
599 0 0 2726 3187 3188 3189 3190 3191 3192 3193 3194 3195 3196 3197 3198 3199 3200
600 0 0 2760 2766 2776 2782 3684 3689 4863 4886 4902 4917 4918
601 0 0 1921 1931 1937 1946 2484 2493 2748 2761 2769 3682 3704 3919 4861 4876 4888 4894 4903 4916
602 0 0 4129 4562 4642 5673 5997 6013 6036 6039 6040 6041 6042 6043 6044 6676
603 0 0 4572 4598 5560 5574 5578 5598 5825 5872 5956 5967 5986 6034 6144 6154 6224 6241 6249 6253 6256 6257 6258
604 0 0 4559 4573 5572 5600 5815 5968 5998 6011 6025 6031 6034 6035 6036 6037 6038
605 0 0 6215 6216 6217 6218 6219 6220 6221 6222 6223 6224
606 0 0 3438 3726 3736 3747 3755 3772 4425 4443 4449 4475 4476 4477 4478 4479 4480
607 0 0 2242 2954 3731 3758 3776 4421 4441 4447 4453 4454 4455 4456 4457
608 0 0 1102 1123 1125 1204 2248 2249 2250 2251 2252 2253 2254 2255 2256 2257 2258 2259
609 0 0 3045 3910 3926 3965 3983 3989 3997 4001 4017 4054 4943 4957 4972 4978 4981 4983 4991
610 0 0 4434 4494 4500 4507 5010 5019 5057 5060 5086 5093 5116 5123 5124
611 0 0 3375 4423 4452 4458 4459 4460 4461 4462 4463 4464 4465 4466 4467 4468
612 0 0 2150 2375 2383 2384 2385 2386 2387 2388 2389 6677
613 0 0 1367 2366 2516 2528 2530 2531 2532 2533 6678
614 0 0 2289 3713 3912 4002 4936 4953 4970 4971 4972 4973 4974 4975 4976
615 0 0 3904 3914 3918 3922 4910 4937 4949 5002 5007 5125 5126 5127 5128 5129 5130 5131 5132
616 0 0 1124 1132 1608 2254 2285 2298 2304 2501 3037 3244 3789 3792 3844 3905 3906 3907 3908 3909 3910 3911 3912 3913 3914
617 0 0 4930 4931 4932 4933 4934 4935 4936 4937 4938 4939 4940 4941 4942 4943 4944 4945 4946 4947 4948
618 0 0 2781 3657 3668 3670 4814 4899 4914 4948 4995 5001 5003 5004 5005 5006 5007
619 0 0 3666 3674 4050 4056 4194 4800 4801 4802 4803 4804 4805 4806 4807
620 0 0 2788 2794 2800 2803 2809 2813 3658 3665 3670 3671 3672 3673 3674 3675
621 0 0 3717 4809 4944 4959 4989 4992 4993 4994 4995 4996 4997 4998 4999
622 0 0 2106 2111 2112 2113 2114 2115 2116 2117 6679
623 0 0 2107 2118 2617 3545 3564 3574 3578 3584 3589 3592 3593 3594 3595 3596 3597 3598
624 0 0 1646 2625 2934 2987 2994 3018 3384 3392 3739 4152 4153 4154 4155 4156 4157 4158 4159 4160 4161 4162
625 0 0 2969 2970 2971 2972 2973 2974 2975 2976 2977 2978 2979 2980 2981
626 0 0 1218 1219 1220 1221 1222 1223 1224 1225 1226 1227
627 0 0 1945 2761 2762 2763 2764 2765 2766 2767
628 0 0 704 810 1507 1561 1568 1593 1979 1998 2009 2010 2011 2012 2013 2014 2015 2016 2017
629 0 0 382 383 384 385 386 387 388 389 6680 6681
630 0 0 388 804 1504 1570 1595 1992 2011 2045 2056 2063 2065 2066 6682 6683
631 0 0 385 697 765 776 1563 1990 2015 2037 2046 2060 2061 2062 6684
632 0 0 36 340 862 875 876 877 878 879 880 6685
633 0 0 342 873 1736 1742 1798 1821 1830 1831 1832 1833 1834 1835 1836
634 0 0 5009 5056 5092 5112 5120 5123 5236 5237 5238 5239 5240
635 0 0 3882 3894 3956 4461 4496 5038 5044 5058 5059 5060 5061 5062 5063 5064 5065 5066 5067
636 0 0 1093 2283 3714 3784 3883 3891 3906 4956 4971 5034 5045 5062 5068 5069 5070 5071 5072 5073
637 0 0 4502 5008 5009 5010 5011 5012 5013 5014 5015 5016 5017
638 0 0 687 858 1279 1905 3678 3687 3697 3698 3699 3700 3701 6686
639 0 0 683 1280 1289 1303 1665 1683 1909 1947 1948 1949 1950 1951 1952 1953 1954 1955 6687
640 0 0 1283 1291 1300 1308 1314 1903 1904 1905 1906 1907 1908 1909 1910 1911 1912 6688
641 0 0 683 684 685 686 687 688 689 6689
642 0 0 5559 5560 5561 5562 5563 5564 5565 5566 5567 5568 5569 5570 5571
643 0 0 5987 5996 6005 6008 6219 6238 6239 6243 6244
644 0 0 5616 5731 5743 5765 5806 5814 5828 5829 5830 5831 5832 5833 5834 5835 5836 5837
645 0 0 6009 6010 6011 6012 6013 6014 6015 6016 6017 6018 6019 6020 6021 6022 6023 6690
646 0 0 3080 3088 3101 4241 4606 5274 5284 5302 5303 5304 5305 6691
647 0 0 2418 2425 2428 3117 3128 3215 4237 4243 4247 4248 4249 4250 4251 4252 4253 4254
648 0 0 3083 3119 4238 4244 4248 4401 4527 4579 4602 4607 4623 5273 5283 5289 5298 5299 5300 5301 5302
649 0 0 1714 1726 1730 2416 4252 4255 4263 5281 5285 5303 5313 5322 6692
650 0 0 57 65 573 578 1187 1336 2324 2334 2335 2336 2337 6693
651 0 0 576 585 586 587 588 589 590 591 592 593 594
652 0 0 577 582 584 594 603 625 1000 1002 1017 1333 1334 1335 1336 1337 6694
653 0 0 68 588 1164 1168 1189 2329 2334 2354 2355 2356 2357 6695
654 0 0 925 1511 1528 1846 1862 1875 1957 1964 1965 1966 1967 1968 1969 1970 1971 1972 1973 1974 1975 1976 1977
655 0 0 703 763 767 768 769 770 771 772 773 774 775 776 777 6696
656 0 0 1519 1525 1531 1962 2034 2069 2444 2451 2453 2462 2467 2468 2469
657 0 0 705 1865 1878 1891 1959 1969 1980 1999 2010 2018 2019 2020 2021 2022 2023
658 0 0 270 289 293 301 310 315 316 317 318 6697
659 0 0 249 265 275 276 277 278 279 280 281 6698 6699
660 0 0 274 285 383 805 1498 1571 1988 2017 2043 2053 2056 2057 2058 2059 6700
661 0 0 298 302 313 316 742 748 749 750 751 752 753 754 755 756 6701
662 0 0 746 751 1989 2001 2044 2054 2058 2455 2460 6702
663 0 0 743 1505 1995 2016 2048 2055 2059 2065 2068
664 0 0 2514 3769 4208 4226 4322 4428 4439 4485 4486 4487 4488 4489 4490 4491 4492 4493 4494
665 0 0 4220 4230 4320 5252 5331 5729 5732 5757 5763 5770 5771 5781 5786 5789 5790 5791 5792 5793
666 0 0 2153 2519 2526 4213 4228 4291 4313 4316 4317 4318 4319 4320 4321 4322 4323 4324 4325 4326 4327
667 0 0 3773 4217 4490 5023 5610 5764 5790 5799 5833 5838 5839 5840 5841 5842 5843
668 0 0 2228 2243 2955 4422 4451 4454 4465 4474 4498 4508 4626 5067 5082 5124 5500 5506 5518 5524 5529 5537 5543 5546 5547 5548
669 0 0 1078 2190 2198 2215 3032 3855 3862 5497 5505 5511 5513 5519 5523 5534 5551 5553 5555 5557 5558
670 0 0 1077 2209 2226 2245 2373 2959 3033 3817 4473 5504 5517 5522 5523 5524 5525 5526 6703
671 0 0 3881 3889 3897 3955 4458 4497 5061 5080 5195 5498 5510 5515 5527 5536 5537 5538 5539 5540
672 0 0 2888 2912 2922 2936 2938 2943 2950 3336 3358 3382 3395 3399 3400 3401 3402 3403
673 0 0 162 954 961 977 2087 2560 2565 2573 2574 2575 2576 2577 2578 2579 2580 2581 2582 2583 2584
674 0 0 4729 4754 4761 4762 4763 4764 4765 4766 6704
675 0 0 4728 4734 4770 4774 4791 4794 4795 4796 4797 4798 4799 6705
676 0 0 391 397 398 399 400 401 6706 6707
677 0 0 42 47 403 412 527 533 534 535 536 537 538 539 540 6708
678 0 0 45 399 402 403 404 6709 6710
679 0 0 49 394 397 410 411 526 536 541 542 543 544 545 6711
680 0 0 592 601 623 1011 1028 1039 1106 1182 1342 2186 2195 3800 3854 3867 3868 3869 3870
681 0 0 1031 1060 1071 1072 1073 1074 1075 1076 1077 1078 1079 1080
682 0 0 3199 5875 5929 5947 5959 5963 6073 6092 6094 6097 6098 6099 6100 6101 6102 6103 6104
683 0 0 5177 5485 5612 5625 5836 5839 5846 5933 5971 6021 6026 6045 6058 6059 6060 6061 6062 6063 6064 6065 6066
684 0 0 5808 5818 5827 5837 5843 5849 5952 5972 6059 6081 6110 6114 6118 6121 6126
685 0 0 5931 5939 5945 5951 5960 5965 5976 6062 6096 6098 6108 6120 6147 6150 6151 6152 6153 6154 6155
686 0 0 3645 3646 4717 4735 4736 4737 4738 4739 4740 4741 4742 6712
687 0 0 1701 2679 3640 4715 4757 4763 4767 4768 4769 4770 4771 4772 4773 6713
688 0 0 1454 1455 1456 1457 1458 1459 1460 1461 1462 6714
689 0 0 2259 2267 2271 2275 2280 2295 2301 2322 2799 2805 3036 3037 3038 3039 3040 3041 3042 3043 3044 3045
690 0 0 1406 1411 1485 1553 1585 1894 2435 2436 2437 2438 2439 2440
691 0 0 1497 1508 1548 1578 1588 2429 2543 2546 2547 2548 2549 2550 2551
692 0 0 2151 2504 2521 2523 3819 3826 3829 4274 4290 4300 4304 4309 4310 4311 4312 4313 4314 4315 6715
693 0 0 241 523 641 983 984 985 986 987 988 989 990 991 992 993 6716
694 0 0 642 661 984 1046 2503 3806 3809 3821 3824 3825 3826 3827 3828 6717
695 0 0 988 3812 3830 3838 3842 4278 4301 4304 4305 4306 4307 4308
696 0 0 1368 2363 2364 2365 2366 2367 2368 2369 2370 2371 6718
697 0 0 1351 1362 3289 3310 3313 3314 3315 3316 3317 3318 3319 3320 6719 6720
698 0 0 3296 3315 3768 4104 4214 4221 4222 4223 4224 4225 4226 4227 4228 4229 4230
699 0 0 3293 3445 3764 4209 4489 5152 5162 5611 5728 5750 5759 5762 5764 5765 5766 5767 5768 5769 5770
700 0 0 2960 2968 3001 3015 3024 3063 3303 3433 3728 3743 3745 3746 3747 3748 3749 3750 6721
701 0 0 2097 2405 2964 2980 2982 3008 3020 3022 3028 6722
702 0 0 890 2716 3646 3647 3648 3649 3650 3651 3652 3653 6723 6724
703 0 0 888 1652 1767 1773 1782 3107 4743 4744 4745 4746 4747 6725
704 0 0 3376 3863 3880 4459 4631 5198 5496 5497 5498 5499 5500 5501 5502
705 0 0 5527 5528 5529 5530 5531 5532 5533 5534 5535
706 0 0 3042 3660 3667 3673 3933 4015 4039 4053 4055 4195 4801 4941 4958 4962 4976 4982 4983 4984 4985 4986
707 0 0 3717 3718 3719 3720 3721 3722 3723 3724
708 0 0 3719 3935 3947 4197 4805 4935 4959 4960 4961 4962 4963 4964 4965 4966 4967 4968 4969
709 0 0 1911 1949 2778 3664 3720 4802 4808 4809 4810 4811 4812 4813 4814 4815 4816 4817
710 0 0 382 757 758 759 760 761 762 763 764 765 766 6726 6727
711 0 0 1963 1977 1982 2022 2026 2030 2031 2032
712 0 0 389 757 1532 1985 2039 2040 2041 2042 2043 2044 2045 2046 2047 6728
713 0 0 761 770 778 779 780 781 782 783 784 6729
714 0 0 2858 3605 3631 4183 4638 4723 4798 5660 5677 5683 5684 5685 5686
715 0 0 2712 2719 3618 4141 4148 4639 4644 4733 4762 4775 4777 4782 4783 4784 4785 4786 4787 4788 4789 4790 4791 4792 4793 6730
716 0 0 4640 4697 4784 5411 5418 5461 5645 5656 5657 5658 5659 5660 5661 5662 5663
717 0 0 2684 3602 3614 3632 4180 4722 4723 4724 4725 4726 4727 4728 6731
718 0 0 696 1384 1385 1386 1387 1388 1389 1390 6732
719 0 0 702 775 869 1395 1731 1868 1877 1888 1890 2019 2067 2414 2422 2426 2427 2428 6733
720 0 0 867 910 916 1800 1810 1830 1837 1840 1841 1842 1843 1844 1845
721 0 0 911 1796 1805 1817 1823 1824 1825 1826 1827 1828 1829 6734
722 0 0 1059 1063 1079 1180 1340 2158 2197 2211 2350 3351 3852 3853 3854 3855 3856 3857 3858 3859
723 0 0 563 1069 2160 2166 2173 2174 2175 2176 2177 2178 6735
724 0 0 561 1051 1065 1315 1316 1317 1318 1319 1320 1321 1322
725 0 0 2165 2172 2178 2184 2206 2591 3325 3342 3343 3344 3345 3346 3347 3348 3349
726 0 0 2441 2442 2443 2444 2445 2446 2447 2448 6736
727 0 0 771 782 865 919 1512 1526 1853 1863 1874 1875 1876 1877 1878 1879 1880 1881
728 0 0 927 1518 1530 1958 1974 1994 2007 2024 2031 2035 2447 2452 2461 2469 2474
729 0 0 760 781 864 915 916 917 918 919 920 921 922 923 6737 6738
730 0 0 1240 1249 1255 1256 1257 1258 1259 1260 1261 1262 1263
731 0 0 515 1139 1243 1246 1275 2262 2273 2279 2808 3041 3971 3998 4004 4011 4012 4013 4014 4015 4016 4017
732 0 0 715 725 1426 1476 2407 3071 3072 3073 3074 3075 3076 3077 3078 3079 3080 6739
733 0 0 209 214 714 724 1424 1425 1426 1427 1428 6740
734 0 0 58 138 146 147 148 149 150 6741 6742
735 0 0 64 151 158 164 165 166 167 168 169 6743
736 0 0 4835 4837 4838 4839 4840 4841 4842 4843
737 0 0 3114 4848 5278 5295 5308 5317 5319 5320 5321 6744
738 0 0 3436 3442 3756 3766 4478 5153 5171 5609 5769 5831 5840 6023 6046 6054 6056 6066 6070 6745
739 0 0 3283 3284 3285 3286 3287 6746
740 0 0 1035 1074 1109 1184 2185 2186 2187 2188 2189 2190 2191 2192 2193 2194
741 0 0 3859 3866 3870 3873 3876 5496 5509 5510 5511 5512
742 0 0 72 81 109 110 111 112 6747
743 0 0 30 74 80 95 96 97 98 99 100 101 6748 6749 6750
744 0 0 75 98 110 199 200 201 202 203 204 6751 6752
745 0 0 73 78 79 80 81 6753 6754
746 0 0 530 539 548 551 552 553 554 555 556 557 6755
747 0 0 994 995 996 997 998 999 1000 1001 6756
748 0 0 4548 4561 4575 4590 4617 5145 5586 5999 6017 6038 6039 6050 6052 6053 6757
749 0 0 4549 4565 4574 4585 4601 5561 5572 5573 5574 5575 5576 5577
750 0 0 3686 3691 3696 3701 3705 3707 4854 4873 4878 4883 4884 4885 4886 4887 4888
751 0 0 343 1737 1741 1742 1743 1744 1745 1746 1747 1748 1749 1750 1751
752 0 0 1822 1847 1883 1964 2744 3703 4852 4874 4875 4876 4877 4878 4879 4880
753 0 0 338 857 1745 2689 2697 3685 3693 3698 3706 4867 4872 4881 4885 4906 4919 4926 4927 6758
754 0 0 142 509 669 681 1133 1134 1135 1136 1137 1138 6759
755 0 0 513 1142 1445 1453 2258 2260 2261 2262 2263 2264 2265 2266 2267 6760
756 0 0 1138 1147 1152 1196 1202 1447 1451 2248 2260 2270 3711 3970 3988 4003 4009 4010 4011
757 0 0 119 137 476 485 505 506 507 508 509 510 511 512 513 514 515 6761
758 0 0 1087 1100 1113 1126 1209 2255 2281 2282 2283 2284 2285 2286 2287 2288 2289
759 0 0 1094 1172 1201 2192 3710 3875 3885 3890 3891 3892 3893 3894 3895 3896 3897
760 0 0 463 1215 1662 1673 1678 1679 1680 1681 1682 6762
761 0 0 331 377 464 477 480 481 495 1214 1261 1265 1661 1671 1672 1673 1674 1675 1676 1677 6763
762 0 0 459 840 1659 2120 2126 3457 3466 3544 3553 3576 3579 3586 3587 3588 3589 3590 3591 6764 6765
763 0 0 3454 3465 3480 3485 4651 4675 4678 4679 4680 4681 4682 4683 4684 4685 4686 6766
764 0 0 453 842 940 1656 3452 3462 3463 3464 3465 6767
765 0 0 3460 3548 3562 3581 3591 3593 4653 4666 4674 4679 4687 4688 4689 4690 4691
766 0 0 1120 1141 1197 1205 1452 2252 2265 2268 2269 2270 2271 6768
767 0 0 505 1135 1144 1194 1207 1445 1446 1447 6769
768 0 0 59 139 146 670 677 678 679 680 681 682 6770
769 0 0 1155 1160 1167 1185 1192 1199 1210 3948 3973 3986 4007 4009 4018 4019
770 0 0 678 1136 1146 1149 1191 1193 1194 1195 1196 1197 1198 1199 6771
771 0 0 168 672 1153 1156 1157 1158 1159 1160
772 0 0 2714 2718 3649 4137 4756 4780 5437 5464 5471 5472 6772 6773
773 0 0 4719 4736 4758 4772 5439 5445 5446 5447 5448 5449 5450 5451
774 0 0 5444 5451 5458 5465 5470 5472 5593 5980 5988 5989 5990 5991 5992 5993 5994 5995 5996
775 0 0 3651 4716 4735 4751 4754 4755 4756 4757 4758 4759 4760 6774
776 0 0 4134 4146 4147 4148 4149 4150 4151 6775
777 0 0 4127 4145 4646 5410 5459 5639 5643 5657 5668 5669 5670 5671 5672 5673 5674 5675 5676
778 0 0 3440 3450 4150 4641 5164 5173 5415 5623 5626 5638 5646 5662 5672 5934 6022 6041 6057 6065 6067 6068 6069 6070 6776
779 0 0 2711 2721 4128 4134 4135 4136 4137 4138 4139 4140 4141 4142 4143 4144 4145 6777
780 0 0 1649 2601 2607 2610 2621 2631 2916 2931 3335 3367 3371 3381 3388 3391 3392 3393 3394 3395 3396 3397 3398 6778
781 0 0 1631 2949 3338 3356 3385 3390 3404 3407 6779
782 0 0 1629 1630 1631 1632 1633 1634 1635 1636 6780
783 0 0 2145 2615 2626 2913 2932 2940 2948 3337 3362 3383 3396 3399 3404 3405 3406 6781
784 0 0 444 1635 1640 2234 2587 2594 2595 2596 2597 2598 2599 2600 2601 2602 6782
785 0 0 442 452 2171 2182 2200 2201 2202 2203 2204 2205 2206 2207 6783
786 0 0 1304 1667 1691 1948 2810 3663 3672 4058 4196 4804 4811 4818 4819 4820 4821
787 0 0 1668 1682 1689 2685 2867 4173 4179 4193 4200 4201 4202 4203 4204 4205 4206 4207 6784
788 0 0 319 346 347 348 349 6785 6786 6787
789 0 0 320 348 834 887 888 889 890 891 892 893 6788 6789
790 0 0 183 196 821 1353 1359 3056 3145 3423 4079 4091 4108 4109 4110 6790
791 0 0 173 185 188 710 824 1582 1597 2431 2548 3143 3149 3150 3151 3152 3153 3154 3155 6791
792 0 0 179 186 187 188 189 6792
793 0 0 174 717 825 3142 3152 3163 3185 3421 4059 4060 4061 4062 4063 4064 4065 4066 4067
794 0 0 5669 5935 5974 6061 6068 6152 6166 6181 6188 6212 6222 6227 6232 6236 6248 6250 6251 6252 6253 6254 6255
795 0 0 4132 4142 5462 5671 5992 6002 6006 6214 6220 6225 6237 6244 6245
796 0 0 3126 4386 4391 4398 5266 5335 5352 5355 5359 5360 5361 5362 5363 5364 5365
797 0 0 1870 1898 2437 3125 3134 3168 3176 3179 3204 3210 3232 3267 3269 3277 3278 3279 3280 3281 3282
798 0 0 826 3144 4061 4078 4105 4108 4114 4269 4292 4295 5249 5255 5256 5257 5258 5259 5260 5261
799 0 0 2520 2525 4103 4227 4288 4314 4325 4328 4329 4330 4331
800 0 0 2522 2529 4100 4112 4270 4273 4287 4288 4289 4290 4291 4292 4293 6793
801 0 0 4106 4224 4321 4329 5251 5259 5725 5734 5754 5756 5757 5758
802 0 0 2086 2568 2574 2818 2837 2849 2870 2876 2890 2891 2892 2893 2894 2895 2896 2897
803 0 0 947 973 980 2079 2085 2140 2662 2832 2841 2844 2881 2902 2917 2918 2919 6794
804 0 0 22 23 24 25 6795
805 0 0 26 95 202 1379 2379 2391 2396 2397 2398 2399 6796 6797
806 0 0 700 809 1408 1496 1501 1538 1552 1560 1573 1579 1872 1893 1997 2009 2021 2050 2066 2068 2439 2540 2549 3167 3229 3250 3254 3265 3266 3267
807 0 0 307 314 318 736 737 738 739 740 741 742 743 744 745 746 747
808 0 0 272 306 309 317 741 785 806 812 1492 1498 1499 1500 1501 1502 1503 1504 1505 1506 1507 1508
809 0 0 740 753 932 1624 1978 1997 1998 1999 2000 2001 2002 2003 2004 2005 2006 2007 2008
810 0 0 2874 2875 2876 2877 2878 2879 2880 2881 2882 2883 2884 2885 2886 2887 2888 2889
811 0 0 2089 2562 2563 2824 2846 2861 2868 2869 2870 2871 2872 2873
812 0 0 2973 2990 2998 2999 3000 3001 3002 3003 3004 3005 3006 3007
813 0 0 3437 3742 3757 4161 4163 4477 5029 5168 5171 5172 5173 5174 5175 5176 5177 5178 5179 5180
814 0 0 2978 2993 3000 3019 3027 3439 3727 3735 3736 3737 3738 3739 3740 3741 3742 3743 3744
815 0 0 2972 2992 3006 3011 3431 3449 3484 4159 4164 4681 4711 5164 5165 5166 5167 5168 5169 5170
816 0 0 89 3075 3081 3082 3083 3084 3085 3086 3087 3088 6798
817 0 0 2640 3413 4120 4408 4526 4535 4540 4556 4593 4622 4624 4625 6799
818 0 0 87 94 207 213 692 722 1424 2635 2641 3074 3081 3090 3157 3411 3417 3418 3419 3420 6800 6801
819 0 0 90 828 1790 2643 3079 3084 3099 4235 4528 4530 4551 4583 4594 4603 4604 4605 4606 4607 4608 4609 4610
820 0 0 1355 2633 3046 3050 3051 3052 3053 3054 3055 3056 3057 3058 3059 3060 6802
821 0 0 4067 4077 4082 4089 4094 4107 4110 4116 5255 5263 5724 5735 5739 5753 5754 5755
822 0 0 820 3055 3422 4063 4078 4079 4080 4081 4082
823 0 0 1358 3051 3299 3318 4073 4083 4090 4098 4111 4223 5149 5157 5726 5741 5751 5755 5756 5759 5760 5761
824 0 0 2639 3048 3058 3415 4075 4087 4117 4542 4557 4591 4625 5145 5146 5147 5148 6803
825 0 0 3429 4059 4068 4085 4119 4408 4409 4410 4411 4412 4413 4414 4415 4416 4417 4418
826 0 0 2722 3619 4140 4731 4755 4765 4777 4778 4779 4780 4781 6804
827 0 0 2711 2712 2713 2714 2715 2716 2717 6805 6806
828 0 0 2731 3195 3723 4908 4946 4998 5005 5125 5134 5425 5434 5857 5922 5948 5961 5962 5963 5964 5965
829 0 0 3724 4934 4965 4992 5042 5233 5650 5692 5701 5713 5927 5936 5940 5941 5942 5943 5944 5945
830 0 0 4933 4951 5128 5139 5241 5370 5697 5711 5714 5923 5940 5962 6072 6088 6093 6094 6095 6096
831 0 0 3718 4813 4820 4825 4960 4987 4996 5422 5435 5925 5942 6270 6287 6302 6303 6311 6312
832 0 0 2 13 118 130 325 475 479 481 482 483 484 6807 6808
833 0 0 8 14 324 365 366 367 368 369 370 371 372 373 6809 6810
834 0 0 7 8 9 10 11 12 6811
835 0 0 15 326 365 376 479 480 6812 6813
836 0 0 3287 3300 3307 3312 3320 3324 3444 3734 3751 3764 3765 3766 3767 3768 3769 3770 3771 3772 3773 3774 3775 3776 3777 3778
837 0 0 4419 4420 4421 4422 4423 4424 4425 4426 4427 4428 4429 4430 4431 4432 4433 4434 4435 4436 4437 4438
838 0 0 3708 3895 3925 3954 3981 3990 4000 4938 4968 4970 4977 4978 4979
839 0 0 3929 3937 3938 3939 3940 3941 3942 3943 3944 3945 3946 3947
840 0 0 5603 5744 5805 5809 5810 5811 5812 5813 5814 5815 5816 5817 5818
841 0 0 6071 6072 6073 6074 6075 6076 6077 6078 6079 6080 6081 6082 6083 6084
842 0 0 5383 5730 5736 5748 5766 5789 5797 5799 5800 5801 5802 5803 5804 5805 5806 5807 5808
843 0 0 5596 5813 5823 5877 5952 5953 5954 5955 5956 5957 5958 5959 5960
844 0 0 5121 5710 5718 5801 5842 5844 6060 6076 6087 6106 6109 6113 6114
845 0 0 3770 4480 4493 5020 5028 5172 5483 5607 5608 5609 5610 5611 5612 5613 5614 5615 5616
846 0 0 3453 4652 4683 4694 4702 4704 4710 4713 5167 5208 5388 5396 5404 5412 5417 5420 5618 5640 5644 5664 5665 5666 5667
847 0 0 3470 3503 3521 3566 3597 3637 4648 4665 4666 4667 4668 4669 4670 4671 4672 4673
848 0 0 10 121 127 323 359 367 507 1267 1271 1295 1312 2264 2272 2276 2277 2278 2279 2280 6814
849 0 0 328 493 1241 1246 1247 1248 1249 1250 1251 1252 1253 1254
850 0 0 2653 2713 2720 3606 3616 3617 3618 3619 3620 3621 3622 3623 3624 6815 6816
851 0 0 2076 2852 3502 3520 3529 3607 3613 3625 3626 3627 3628 3629 3630 3631 3632 3633 6817
852 0 0 3608 3623 3633 4633 4634 4635 4636 4637 4638 4639 4640
853 0 0 3603 3613 3614 3615 3616 6818
854 0 0 1757 2699 4865 4892 4905 4919 4920 4921 4922 4923 4924 4925
855 0 0 344 855 906 1735 1752 2688 2689 2690 2691 2692 2693 2694 2695 2696 6819
856 0 0 5428 5436 5889 5892 5908 5914 5924 5949 5964 6135 6148 6150 6265 6277 6281 6300 6301 6302
857 0 0 2730 3193 5427 5429 5857 5858 5859 5860 5861 5862 5863
858 0 0 514 1239 1256 1276 3976 3999 4014 4022 4023 4024 4025
859 0 0 4028 4029 4030 4031 4032 4033 4034
860 0 0 2100 2222 2235 2244 2404 2951 2952 2953 2954 2955 2956 2957 2958 2959 2960
861 0 0 204 1081 2219 2240 2374 2402 2962 3761 4424 4457 4469 4470 4471 4472 4473 4474
862 0 0 2122 2127 2673 3455 3536 3549 3552 3553 3554 3555 3556 3557 3558 6820 6821 6822
863 0 0 2676 3459 3473 3561 3582 4650 4669 4674 4675 4676 4677 6823
864 0 0 3535 3536 3537 3538 3539 3540 3541 3542 3543 3544 3545 3546 3547 3548 6824
865 0 0 2672 3455 3456 3457 3458 3459 3460 3461 6825
866 0 0 1175 1325 1339 2156 2175 2328 2343 2348 2350 2351 2352 2353 2354 6826
867 0 0 1322 1328 1332 1347 2326 2340 2341 2344 2345 2346 6827
868 0 0 5223 5230 5481 5633 5649 5650 5651 5652 5653 5654 5655
869 0 0 5043 5220 5234 5476 5493 5692 5693 5694 5695 5696 5697 5698
870 0 0 1374 1380 2238 2365 2393 2398 2400 2537 2966 3760 4427 4456 4469 4481 4482 4483 4484
871 0 0 201 1083 2210 2221 2370 2372 2373 2374 2375 2376 2377 2378 2379 2380 2381 2382 6828
872 0 0 2557 2570 2583 2882 2896 2920 2921 2922 2923 2924
873 0 0 2558 2571 2860 2868 3944 3962 4042 4169 4175 4190 5186 5188 5189 5190 5191 5192 5193 5194
874 0 0 2552 2572 2584 2923 2935 2941 3341 3379 3403 3934 3940 3952 3959 3960 3961 3962 3963
875 0 0 2555 2821 2869 2874 2891 2898 2910 2925 2928 3524 3533 4166 4167 4168 4169 4170 4171
876 0 0 3136 3187 3221 4388 4397 4577 5360 5368 5373 5776 5824 5878 6082 6089 6103 6116 6117 6124 6127 6128
877 0 0 4407 4418 4587 5267 5356 5361 5374 5379 5380 5381 5382 5383 5384 5385 5386 5387
878 0 0 4544 4545 4546 4547 4548 4549 4550 4551 4552 4553 4554 4555 4556 4557 6829
879 0 0 4122 4410 4523 4537 4538 4539 4540 4541 4542 4543
880 0 0 3943 4191 4969 5035 5191 5200 5222 5228 5229 5230 5231 5232 5233 5234 5235
881 0 0 5187 5194 5202 5209 5210 5211 5212 5213 5214 5215 5216 5217 5218 5219
882 0 0 5253 5260 5268 5329 5357 5362 5379 5733 5753 5773 5792 5796 5797 5798
883 0 0 5721 5722 5723 5724 5725 5726 5727 5728 5729 5730 5731
884 0 0 621 1027 1032 1072 2185 2196 3029 3780 3798 3799 3800 3801 3802 3803 3804
885 0 0 2372 3034 3816 4472 4515 5522 5535 5541 5546 5550 5556 5558
886 0 0 557 1022 1058 1071 2208 3029 3030 3031 3032 3033 3034 3035 6830
887 0 0 2189 3802 3887 5064 5076 5078 5514 5531 5536 5545 5552 5553 5554
888 0 0 5698 5702 5706 5712 5720 5847 5932 5943 6064 6074 6086 6095 6102 6105 6106 6107 6108
889 0 0 4467 4495 5016 5031 5036 5066 5094 5199 5215 5225 5229 5477 5484 5492 5493 5494 5495
890 0 0 5017 5025 5033 5040 5091 5115 5238 5486 5492 5608 5695 5703 5707 5708 5709 5710 5711 5712
891 0 0 5475 5490 5628 5631 5632 5633 5634 5635 5636 5637
892 0 0 1429 1463 1464 1465 1466 1467 1468 1469 1470 1471 6831
893 0 0 698 1400 1489 1539 1550 1557 1558 1559 1560 1561 1562 1563 1564 1565 1566 6832
894 0 0 1471 1479 1486 1491 1542 1554 1557 1581 1582 1583 1584 1585 1586 1587 1588 1589 6833 6834
895 0 0 1399 1421 1434 1441 1484 1488 1549 1565 3094 3097 6835
896 0 0 71 235 244 245 246 247 248 249 250 6836 6837
897 0 0 215 216 217 218 219 220 221 222 223 6838 6839
898 0 0 69 225 229 230 231 6840 6841
899 0 0 232 233 234 235 236 237 238 239 240 241 242 243 6842
900 0 0 627 646 668 1036 1043 1089 1096 1104 1105 1106 1107 1108 1109 1110 1111 1112 1113 1114
901 0 0 659 665 1029 1034 1042 3782 3798 3805 3815 3825 3834 3835
902 0 0 3275 4395 5129 5136 5242 5348 5353 5364 5366 5367 5368 5369 5370 5371
903 0 0 3848 4333 4350 4361 5101 5109 5138 5141 5244 5333 5340 5341 5342 5343 5344 5345 5346
904 0 0 5745 5816 5832 6010 6027 6030 6031 6032 6033
905 0 0 5605 5810 5822 5835 5955 5966 5967 5968 5969 5970 5971 5972 5973 5974 5975 5976
906 0 0 4529 4533 4536 4543 4555 4582 4592 4608 4611 4621 4623 4624
907 0 0 691 2634 2642 3409 3410 3411 3412 3413 3414 3415 3416 6843
908 0 0 684 846 847 848 849 850 851 852 853 854 6844
909 0 0 903 1696 1698 2691 3639 3640 3641 3642 3643 3644 3645 6845
910 0 0 846 860 1693 1705 2695 2701 3641 4922 5867 5882 5899 5903 5904 5905 5906 5907 5908 5909 6846
911 0 0 1695 1698 1699 1700 1701 1702 6847
912 0 0 305 311 738 815 1503 1599 1623 2052 2541 2550 3225 3238 3251 3252 3253 3254
913 0 0 247 277 288 292 293 294 295 296 297 298 299 6848
914 0 0 267 278 290 297 300 308 309 310 311 312 313 314
915 0 0 294 303 739 755 930 1605 1621 1623 1624 1625 1626 1627 1628
916 0 0 215 239 253 257 263 516 517 518 519 520 521 522 523 524 6849 6850
917 0 0 69 70 71 6851 6852
918 0 0 222 227 229 236 251 252 253 6853 6854
919 0 0 218 224 242 246 256 258 259 260 261 262 263 6855
920 0 0 2554 2627 2884 2901 2914 2924 2926 2928 2929 2930 2931 2932 2933 2934 2935 2936
921 0 0 2088 2559 2563 2564 2565 2566 2567 2568 2569 2570 2571 2572
922 0 0 1158 1163 1177 2580 2942 3360 3401 3950 3961 3969 3979 3987 4005 4006 4007 4008
923 0 0 3923 3924 3925 3926 3927 3928 3929 3930 3931 3932 3933 3934 3935 3936
924 0 0 1171 3334 3359 3380 3402 3878 3896 3930 3939 3948 3949 3950 3951 3952 3953 3954 3955 3956 3957 3958
925 0 0 3927 3967 3985 3992 3993 3994 3995 3996 3997 3998 3999
926 0 0 5856 5863 5871 5880 5883 5891 5892 5893 5894 5895 5896 5897
927 0 0 2696 2704 2710 3644 4718 4738 4749 4925 5449 5852 5865 5881 5898 5899 5900 5901 5902
928 0 0 944 1211 2072 2073 2074 2075 2076 2077 2078 2079 2080 2081 2082 2083 6856
929 0 0 2128 2659 3509 3530 3534 3539 3555 3567 3568 3569 3570 6857 6858
930 0 0 948 956 972 2072 2130 2138 2658 2659 2660 2661 2662 2663 2664 2665 2666 2667 2668 2669 6859 6860
931 0 0 2077 2827 2856 3493 3504 3514 3516 3527 3529 3530 3531 6861
932 0 0 3783 3796 3810 3832 3839 3850 4305 4310 5048 5068 5074 5079 5088 5089 5090
933 0 0 3837 3847 4283 4302 4306 4332 4333 4334 4335 4336 4337 4338 4339 4340 4341 4342 4343
934 0 0 88 827 1789 3085 3099 3100 3101 6862
935 0 0 831 1786 2644 4553 4610 4611 4612 4613 4614 6863
936 0 0 88 89 90 91 92 93 94 6864
937 0 0 829 1785 1786 1787 1788 1789 1790 1791 1792 1793 6865 6866
938 0 0 3147 4102 4113 4266 4287 4294 4295 4296 4297 6867
939 0 0 2509 2524 3140 4265 4272 4273 4274 4275 4276 4277 4278 4279 6868
940 0 0 2116 2142 2660 3543 3569 3573 3575 3583 3584 3585
941 0 0 2112 2123 2126 2127 2128 2129 2130 2131 2132 2133 2134 6869 6870
942 0 0 1410 1438 1895 2410 2436 3095 3116 3160 3173 3178 3179 3180 3181 3182 3183 3184
943 0 0 1385 1401 1416 1559 2421 3091 3092 3093 3094 6871
944 0 0 1422 1429 1430 1431 1432 1433 1434 1435 1436 1437 6872
945 0 0 1390 1394 1398 1409 1423 1892 2417 2419 2427 3093 3115 3130 3181 3214 4232 4245 4253 4255 4256 6873
946 0 0 3325 3326 3327 3328 3329 3330 3331 3332 3333 3334 3335 3336 3337 3338 3339 3340 3341
947 0 0 1630 2585 2595 2603 2604 2605 2606 2607 2608 6874
948 0 0 1632 2168 2176 2588 3332 3347 3354 3364 3365 3385 3386 6875
949 0 0 2608 2628 3340 3387 3397 3405 3408 6876
950 0 0 3159 4240 4400 4415 4524 4539 4546 4564 4568 4576 4577 4578 4579 4580 4581 4582 4583 4584 4585 4586 4587 4588
951 0 0 3122 3133 3219 4249 4257 4403 4595 4834 4838 5287 5290 5299 5310 5311 5316 5563 5576 5578 5579 5580 5581 5582
952 0 0 2687 4185 4201 5920 6169 6208 6267 6294 6299 6305 6306 6307 6308
953 0 0 2855 3628 4176 4184 5203 5678 5684 5690 5919 6164 6175 6192 6194 6203 6204 6207
954 0 0 6156 6157 6158 6159 6160 6161 6162 6163 6164 6165 6166 6167 6168
955 0 0 1686 2682 3630 4177 4179 4180 4181 4182 4183 4184 4185 4186 4187 4188 6877
956 0 0 789 814 1493 1502 2432 2538 2539 2540 2541 2542 2543 2544 2545 6878
957 0 0 793 798 803 811 1495 1500 1541 1574 1575 1576 1577 1578 1579 1580 6879
958 0 0 598 1003 1334 2331 2337 2346 2360 2361 2362 6880
959 0 0 994 1004 1015 1021 1053 1321 1329 1330 1331 1332
960 0 0 1363 1373 2363 2394 3066 3321 3775 4437 4445 4483 4516 4519 6881
961 0 0 22 27 1371 1377 1378 1379 1380 1381 1382 1383 6882 6883
962 0 0 28 1372 1378 2364 2376 2390 2391 2392 2393 2394 2395 6884
963 0 0 1370 1381 3061 3065 3066 3067 3068 3069 3070 6885 6886
964 0 0 3479 4685 5390 5399 5401 5402 5403 5404 6887
965 0 0 4636 4692 4785 5408 5419 5620 5641 5643 5644 5645 5646 5647 5648
966 0 0 3447 4151 4645 4789 5165 5174 5394 5402 5405 5413 5416 5619 5638 5639 5640 5641 5642 6888
967 0 0 2657 3478 3635 4649 4668 4676 4686 4696 5389 5396 5397 5398 5399 5400 6889
