0 0 0 3127 3128 3129 3130 3131 3132 3133
1 0 0 480 488 505 1505 1521 1736 2652 2975 3928 4209 5824 5848 5853 5865 5866 5867 5868 6512
2 0 0 687 1640 1641 1642 1643 1644 1645 1646 1647 1648 1649
3 0 0 2660 2667 3855 3856 3857 3858 3859 3860 6513
4 0 0 1714 1726 2655 2660 2661 2662 2663 2664 2665 6514 6515
5 0 0 1546 1547 1548 1549 1550 1551 1552 1553 1554 1555 1556 1557
6 0 0 4012 4841 4865 4870 4877 4885 4891 4894 5323 5381 5395 5396 5397 5398 5399 5400 5401 5402 5403 5404
7 0 0 3891 4874 4880 4906 5324 5402 5739 5752 6054 6095 6132 6160 6182 6183 6184 6185 6186 6516
8 0 0 94 311 374 491 495 498 1205 1211 1212 1213 1214 1215 1216 1217 1218 1219 1220 6517
9 0 0 1106 1107 1108 1109 1110 1111 1112 1113 1114
10 0 0 2448 5029 5417 5483 5563 5569 5570 5571 5572 5573
11 0 0 3848 3971 3981 3982 3983 3984 3985 3986 6518
12 0 0 2358 2363 3293 3310 3316 3353 3443 3456 3461 3468 3473 3482 3494 3500 3509 3515 4478 4493 4496 4497 4498 4499 4500
13 0 0 3229 4004 4833 4837 4887 4888 4889 4890 4891 4892 4893
14 0 0 5646 5655 5658 5664 5673 5695 5698 5699 5700 5701 5702
15 0 0 976 986 3363 3411 3414 3415 3416 3417 3418 3419 3420 3421
16 0 0 111 114 435 453 454 455 456 457 458 6519 6520
17 0 0 4534 4548 4557 4567 4599 4618 4628 4629 4630 4631 4632
18 0 0 5017 5227 5317 6028 6051 6091 6097 6100 6131 6138 6157 6160 6161 6162 6163 6164 6165 6166 6167 6521
19 0 0 1676 1720 2917 2922 2923 2924 2925 2926 2927 2928 2929 2930 6522
20 0 0 1418 1436 1440 1450 1459 1463 1464 1465 6523
21 0 0 5720 5733 5745 5749 6094 6182 6194 6217 6225 6230 6231 6232 6233
22 0 0 470 473 474 475 476 477 6524
23 2 2 68 272 702 1009 1032 1179 1472 2347 2611 2625 2823 2892 3299 3308 3311 3318 3319 3320 3321
24 0 0 5353 5495 5795 5977 5989 6018 6123 6417 6440 6465 6468 6471
25 0 0 1830 1847 1855 1867 1875 1880 1892 1898 3171 3178 3186 3202 3203 3204 3205 6525
26 0 0 118 119 120 121 122 123 124 125 6526
27 0 0 2665 3855 3867 3875 3902 3936 5753 5763 5789 5822 5839 5846 5855 5856 5857 5858
28 0 0 162 305 531 1860 3184 3770 3771 3772 3773 3774 3775 3776 3777 3778
29 0 0 2638 5036 5041 5042 5043 5044 5045 5046 5047 5048 5049 5050 5051 5052 6527 6528
30 0 0 653 1883 1885 1941 2089 2109 2118 2139 2140 2141 2142
31 0 0 2016 2734 2742 3660 3666 3670 4063 4069 4071 4076 4089 4095 4096
32 0 0 5163 5164 5165 5166 5167 5168 5169 5170 5171
33 0 0 560 565 579 588 591 623 624 625 626 627 628 6529 6530
34 0 0 3067 3077 4220 5254 5265 5556 5727 5807 5834 5871 5884 5891 5892 5893 5894 5895 5896
35 0 0 91 316 317 318 319 320 321 322 323 324 6531 6532
36 0 0 2344 2383 2708 3328 3479 3537 3546 3582 3584 3585
37 0 0 606 3114 3125 3128 3134 3141 3142 3143 3144 6533 6534
38 0 0 3754 4323 4336 4352 4547 4579 4580 4581 4582 4583 4584
39 0 0 6472 6473 6474 6475 6476 6477 6478 6479 6480 6481 6482
40 0 0 562 574 590 656 1792 1831 1840 1849 1850 1851 1852 1853 1854 1855 1856 1857 6535
41 0 0 555 571 583 601 655 1785 2093 3105 3115 3117 3118 3119 3120 6536
42 0 0 280 1023 2038 2620 2719 2737 2744 2767 2824 2853 3622 3636 3653 3659 3660 3661 3662 3663 6537
43 0 0 3871 3884 3886 3895 3920 5748 6172 6176 6202 6223 6232 6240 6249 6251 6252 6538
44 0 0 1512 1523 1656 2949 4146 4162 4175 4176 4177 4178 4179 4180 6539
45 0 0 42 100 340 344 352 360 549 798 1086 1094 1099 1195 1207 1224 1228 1229 1230 1231 1232 1233
46 0 0 1936 2174 3250 3338 4004 4005 4006 4007 4008 4009 4010 4011 4012
47 0 0 69 1012 1031 1041 1180 2357 3294 3304 3305 3306 3307 3308 3309 3310
48 0 0 5032 5411 5488 5901 5909 5914 5921 5928 5931 5932 5933 5934 5935
49 0 0 927 948 965 2129 2307 2310 2311 2312 2313 2314 2315 2316 2317 2318
50 0 0 699 1181 3302 3324 3623 3628 3629 3630 3631 3632 3633 3634 3635
51 0 0 870 930 947 948 949 950 951 952 953 6540
52 0 0 1001 1024 1141 1150 1187 1221 1536 1540 1541 1542 1543 1544 1545 6541
53 0 0 274 515 2624 2720 2746 2747 2748 2749 2750 2751 6542
54 0 0 577 647 658 1826 1840 1841 1842 1843 6543
55 0 0 3032 3042 3057 3063 3072 3075 3086 3596 3601 3602 3603 3604 3605
56 0 0 1532 2027 2496 2511 2516 2675 2856 2955 2962 2963 2964 2965 2966 2967 2968 2969 2970 2971 2972 6544
57 0 0 5038 5048 5089 5101 5112 5127 5144 5149 5161 5195 5198 5993 6001 6002 6003 6004 6005 6006
58 0 0 617 740 777 968 1629 1637 2189 2196 3345 4456 4468 4474 4475 4476 6545
59 0 0 931 938 946 953 956 961 970 2292 2299 2300 2301 2302 6546
60 0 0 478 479 480 481 482 483 484 6547 6548
61 0 0 5009 5114 5115 5116 5117 5118 5119 5120 5121 5122 5123 5124
62 0 0 56 57 58 6549 6550 6551
63 4 4 71 1469 2350 2359 2368 2610 3296 3307 3311 3312 3313 3314 3315 3316 3317
64 0 0 819 1083 2206 2229 2232 2247 2377 3359 3375 3380 3381 3382 3383 3384 3385 3386
65 0 0 3027 3039 3083 3084 3085 3086 3087 3088 3089 3090 3091 3092 3093
66 0 0 3618 4963 5207 5461 5479 5948 5955 5956 5957 5958 5959 5960 5961 5962 5963
67 2 2 3627 3635 3639 3643 3651 3658 3663 3669 3677 3681 4535 4596 4612 4613 4614 4615 4616 4617 4618
68 4 4 5992 6007 6041 6129 6146 6313 6329 6405 6421 6432 6434 6435 6436 6437 6438 6439 6440
69 0 0 2674 2943 3933 3942 4139 4157 4417 4426 4766 4767 4768 4769 4770 4771 4772 4773 4774 4775
70 0 0 2632 4117 5110 5116 5125 5132 5133 5134 5135 5136 5137 5138 5139 5140 6552
71 0 0 5261 5722 5725 5737 5742 5743 5744 5745
72 0 0 774 2066 2156 2167 2177 2185 2187 2192 2193 2194 2195 2196 2197
73 0 0 2546 2560 2563 2628 2629 2630 2631 2632 2633 2634 2635 6553
74 1 1 1165 1258 1269 1915 2391 2706 3395 3648 3702 3710 3716 3717 3718 3719 3720 3721 3722 3723 3724 3725 3726 3727 3728 3729
75 0 0 1670 1683 1983 1996 2008 2550 2628 2774 2795 2815 2938 4200 5136 5142 5187 5332 5333 5334 5335 5336 5337 5338 5339 5340 5341 5342 6554
76 0 0 288 786 794 1064 1139 1149 1152 1153 1154 1155 1156 1157 6555
77 0 0 640 928 947 971 2310 3148 3158 3159 3160 3161 3162 3163 6556
78 0 0 619 734 735 736 737 738 739 6557
79 0 0 4549 4575 4587 4827 4860 4898 4910 4913 4914 4915 4916 4917 4918 4919 4920 4921
80 0 0 46 132 1322 1332 1337 1340 1348 2405 2406 2421 2427 2435 2438 2439 2440 2441 6558
81 0 0 1960 3340 3996 4435 4939 4940 4941 4942 4943 4944
82 0 0 2020 2055 4062 4078 4085 4091 4092 4093 4094 4095 6559 6560
83 0 0 2725 2738 2745 2751 2756 2759 2771 2772 2822 3661 4067 4068 4069 6561
84 0 0 3858 3861 3862 3863 3864 3865 3866 3867 3868 3869 3870 3871 6562
85 0 0 2395 2419 3017 3790 3821 4228 4235 4237 4238 4239 6563
86 0 0 1412 1421 1427 1430 1431 1432 1433 1434 1435 1436 1437 1438 1439
87 0 0 3006 3773 3798 3807 3817 4241 4261 4266 4267 4268 4269 6564
88 0 0 275 1458 1975 2604 2623 2721 2747 2755 2768 2772
89 0 0 232 241 683 690 708 1375 1425 1684 1965 1973 1980 1991 2006 2007 2008 2009 2010 2011 6565
90 0 0 89 172 321 367 408 417 1279 1303 1304 1305 1306 6566 6567
91 0 0 4231 4236 4239 4258 4301 4315 4316 4317 4318 4319
92 0 0 4755 4764 4777 4786 4797 4798 6568
93 0 0 290 791 795 825 1051 1059 1060 1061 1062 1063 1064 1065 1066 6569
94 0 0 3779 3780 3781 3782 3783 3784 3785 3786 3787 6570
95 2 2 701 2898 3297 3317 3321 3326 3629 4483 4499 4506 4717 5629 5925 6277 6290 6292 6295 6296 6297 6298
96 0 0 1474 2351 2369 3315 3350 3351 3352 3353 3354 3355 3356 6571
97 0 0 1685 1995 2780 2791 2792 2793 2794 2795 2796 2797 2798
98 0 0 2649 3837 3844 3854 4727 4735 4745 4757 4759 4783 4788 4789 4790 4791 4792 4793 4794 4795 4796
99 0 0 125 231 232 233 234 235 236 237 6572
100 0 0 538 543 645 4371 4401 4408 4409 4410 4411 6573
101 0 0 3967 4803 4807 4820 4821 4822 4823 4824 4825 4826
102 0 0 1360 1367 1756 2499 2518 2535 2962 3058 3070 3078 3591 3603 3606 3607 3608 3609 3610 3611 3612 6574
103 0 0 610 638 1766 1774 1797 2086 2096 2113 2121 2122 2123 2124 2125 2126
104 0 0 5897 5898 5899 5900 5901 5902 5903 5904
105 0 0 864 890 2269 2289 2323 2328 2691 2710 3474 4126 4463 5588 5613 5620 5621 5622 5623 5624
106 0 0 553 565 566 567 568 569 570 571 6575 6576
107 0 0 782 804 805 806 807 808 809 810 811 812 6577
108 0 0 332 1197 1203 1239 1251 1271 1277 1285 1286 1287 1288 1289 1290
109 0 0 963 2291 2308 2312 2319 2320 2321 2322 2323 2324 2325
110 0 0 897 907 915 916 917 918 919 920 921 6578
111 0 0 289 789 805 1048 1052 1061 1078 1148 1152 1158 1159 1160 1161 1162 1163 1164 1165 1166 1167 1168
112 0 0 54 1742 2657 2994 3011 3898 3911 3912 3913 3914 3915 6579 6580
113 0 0 3001 3002 3003 3004 3005 3006 3007 6581
114 0 0 3028 3041 3089 4250 4293 4294 4295 4296 4297 4298 4299
115 0 0 507 508 509 510 511 512 6582
116 0 0 2522 2530 2540 3752 3753 3754 3755 3756 3757 3758 3759 3760 3761 3762 6583
117 0 0 5946 5954 5963 5968 5976 5984 5985 5986 5987 5988 5989 5990 5991 5992
118 0 0 1914 2080 2131 2447 2697 2707 3397 3406 3577 4451 4459 4464 5028 5565 5571 5574 5575 5576 5577 5578 5579
119 0 0 1703 2001 2565 2596 2761 2791 2808 2842 2850 2867 2878 2886 2900
120 0 0 6030 6063 6102 6135 6136 6137 6138 6139 6140 6141 6142
121 0 0 861 967 1635 2260 2275 2286 2296 2319 4460 4462 4469 4475 5586 5607 5613 5614 5615 5616 5617 5618 5619 6584
122 0 0 1747 1748 2991 2998 3035 3066 3074 3090 3601 4288 5252 5253 5254 5255 5256 5257 5258 5259 5260 5261 5262
123 0 0 6 7 8 9 10 11 12 6585 6586
124 0 0 2496 2497 2498 2499 2500 2501 2502 2503 2504 2505 2506 2507 2508 2509 2510 6587
125 0 0 2198 2199 2200 2201 2202 2203 2204 2205 2206 2207 2208 2209 2210
126 0 0 178 191 201 202 203 204 205 206 207 208 209 210
127 0 0 5005 5006 5007 5008 5009 5010 5011 5012 5013 5014 5015
128 0 0 743 1587 1608 1614 1624 1626 1638 3346 4468 4469 4470 4471 4472 4473 6588
129 0 0 726 767 1929 1932 1933 1934 1935 1936 1937 1938 1939 1940
130 0 0 19 868 876 883 884 885 886 887 888 889 890 891 892
131 0 0 1889 1899 2085 2094 2106 2140 2147 3216 3243 3256 3265 3266 3267 3268 3269
132 0 0 570 597 607 628 633 1793 1806 3104 3110 3111 3112 3113 3114 3115 3116 6589
133 0 0 1524 1655 1679 2922 2947 2952 3944 4144 4145 4146 4147 4148 4149 4150 4151 4152 4153
134 0 0 2730 2739 4057 4068 4070 4075 4076 4077 4078 6590
135 0 0 2889 2907 3832 4960 4966 4967 4968 4969 4970
136 0 0 236 238 517 523 672 681 682 683 684 685 686 6591 6592
137 0 0 2923 2946 3939 4141 4150 4160 4922 4923 4924 4925 4926 4927 4928 4929 4930 4931
138 0 0 338 345 1088 1095 1099 1100 1101 1102 1103 1104 1105
139 0 0 1761 3195 4850 4862 4873 4879 4880 4881 4882 4883 4884 4885 4886 6593
140 0 0 3197 3274 3290 4311 4834 4846 4848 4849 4850 4851 4852 4853 6594
141 0 0 5769 5770 5771 5772 5773 5774 5775 5776 5777 5778 5779 5780
142 0 0 600 1776 1783 1784 1785 1786 1787 1788 1789 1790 1791 1792 1793 1794 1795 1796
143 0 0 680 686 696 1698 1961 1962 1963 1964 1965 1966 1967 1968
144 0 0 631 1764 1765 1766 1767 1768 1769 1770 1771 1772
145 2 2 1770 1780 1815 1819 1902 1919 2073 2121 2130 2144 2316 2470 3362 3403 3404 3405 3406 3407 3408 3409 3410 3411 3412 3413
146 0 0 520 673 684 692 1644 1651 1989 2713 2727 2749 2752 2757 2758 2759
147 0 0 1746 1755 2985 3879 3919 3925 5252 5827 5862 5870 5871 5872 5873 5874 5875 5876 5877 5878
148 0 0 104 193 330 348 1810 1817 1818 1819 1820 1821 1822 1823 1824 1825
149 0 0 453 1419 1444 1463 1468 2346 2364 2367 2616 3355 4487 4491 4505 4522 4524 4525 6595 6596
150 0 0 1763 2989 3014 3890 4245 4273 4283 4289 4295 4303 4884 4900 4901 4902 4903 4904 4905 4906 4907 6597
151 0 0 5210 5950 5960 5965 5980 5987 6007 6008 6009 6010 6011 6012 6013 6014 6015 6016 6017 6018 6019
152 4 4 1028 1189 1543 1556 1559 1581 2036 3621 3640 3652 3653 3654 3655 3656 3657 3658
153 0 0 1909 1921 2067 2072 2073 2074 2075 2076 2077 2078 2079 2080 2081 2082 2083 2084 2085 2086 2087
154 0 0 37 102 310 339 343 359 372 416 548 549 550 551 552 6598 6599
155 0 0 1503 1550 1570 2489 2508 2525 2536 2537 2538 2539 2540 2541 2542 6600
156 0 0 544 644 898 909 4374 4387 4407 4410 4414 6601 6602
157 0 0 1525 1526 1527 1528 1529 1530 1531 1532 6603
158 0 0 1107 1120 1123 1124 1125 1126 1127 1128 1129 1130 1131 1132 1133
159 0 0 1584 1585 1586 1587 1588 1589 1590 1591 1592 1593
160 0 0 318 327 379 410 490 497 1218 1497 1498 1499 1500 1501 1502 1503 6604
161 0 0 3718 4539 4560 4562 4637 4657 4983 4993 5465 5466 5467 5468 5469 5470 5471 5472
162 0 0 4538 4539 4540 4541 4542 4543 4544 4545 4546 4547 4548 4549 4550 4551 4552
163 0 0 5472 5482 5492 5531 5904 5919 5922 5932 5936 5937 5938 5939 5940 5941 5942 5943 5944 5945 5946
164 0 0 1688 1695 1963 1974 1979 1987 2002 2565 2566 2567 2568 2569 2570 2571
165 0 0 2982 3893 5257 5723 5734 5740 5742 5746 5747 5748 5749 5750 5751 5752
166 0 0 561 582 592 593 594 595 596 597 598 599 600 601 602 603 604
167 0 0 1374 2581 4707 5092 5164 5182 5183 5184 5185 5186
168 0 0 2397 2406 2407 2408 2409 2410 2411 2412 2413 2414 6605
169 3 3 2544 2634 4712 5034 5090 5115 5126 5133 5141 5142 5143 5144 5145 5146 5147 5148
170 0 0 995 1008 1020 1021 1022 1023 1024 1025 1026 1027 1028 1029 1030
171 0 0 0 1 2 3 4 5 6606 6607
172 4 4 1433 1455 1693 1971 2568 2572 2592 2596 2597 2598 2599 2600 2601 2602 2603 2604 2605 2606 2607 2608
173 0 0 5270 5271 5272 5273 5274 5275 5276 5277 5278 5279 6608
174 0 0 1927 3337 4010 4844 4863 4868 4872 4873 4874 4875 4876 4877 4878 6609
175 0 0 2018 2028 3665 4066 4077 4092 4098 4100 6610
176 0 0 482 487 501 1506 1513 1514 1515 1516 1517 1518 1519 1520 1521 1522 1523 1524
177 0 0 4149 4179 4184 4203 4208 4925 5347 5357 5360 5361 5362 5363 5364 5365 5366
178 0 0 5384 5394 5404 5409 5438 5539 5897 5905 5915 6053 6070 6080 6090 6104 6105 6106 6107
179 0 0 3027 3028 3029 3030 3031 3032 3033 3034 3035 3036 3037 3038 6611
180 0 0 1485 4485 4502 4520 4526 4716 5078 5180 5202 5216 6286 6293 6295 6299 6300 6301 6612
181 0 0 1912 2081 2449 2476 3686 3711 3727 3730 3731 3732 3733 3734 3735
182 0 0 5659 5660 5661 5662 5663 5664 5665 5666 5667 5668 5669 5670 5671 5672
183 0 0 4477 4478 4479 4480 4481 4482 4483 4484 4485 4486 4487 4488 4489 6613
184 0 0 1712 1721 1728 2670 2914 2915 2916 2917 2918 2919 2920 2921 6614
185 0 0 5331 5395 5520 5543 5551 6045 6066 6067 6068 6069 6070 6071 6072 6073
186 0 0 165 405 530 531 532 533 534 535 6615
187 0 0 1518 4136 4156 4212 5783 5820 5838 5843 5848 5849 5850 5851
188 0 0 987 988 989 990 991 992 993 994 995 6616
189 0 0 3005 3013 3021 3048 3781 3794 3799 3911 4242 4263 4268 4270 4271 4272 4273 4274 4275 6617 6618
190 2 2 2595 2608 2617 2627 2829 2897 2904 3312 3320 4501 5218 6278 6287 6292 6293 6294
191 0 0 1634 2262 2283 5618 6255 6259 6264 6265 6266 6619
192 0 0 24 31 32 33 6620
193 0 0 613 776 969 2128 2188 2195 2313 2320 3145 4403 4450 4456 4457 4458 4459 4460 4461 6621
194 0 0 494 1500 1537 1546 1565 1569 1575 2506 2514 2525 2526 2527 2528 2529 6622
195 0 0 6309 6319 6339 6381 6478 6487 6491 6504 6505 6506 6507
196 0 0 3760 3765 4604 4643 4671 4684 4686 4687 4688
197 0 0 671 682 687 688 689 690 691 692 693 694 695 696 6623
198 0 0 5021 5226 5278 5296 5304 5306 5314 5315 5316 5317 6624
199 0 0 3341 4007 4869 4875 4943 4954 5232 5329 5396 5405 6061 6069 6089 6096 6106 6131 6132 6625
200 0 0 2463 2468 2479 3685 3700 3712 3734 3736 3737 3738 3739 3740 3741 3742 3743
201 0 0 5383 5386 5414 5424 5432 5436 5899 5905 5906 5907 5908 5909 5910 5911
202 0 0 564 580 587 602 623 738 745 756 757 758 759 6626 6627
203 0 0 5063 5067 5074 5671 5709 6308 6341 6348 6349 6350 6351 6352 6353 6628
204 0 0 284 285 286 287 288 289 290 291 292 293 6629
205 0 0 38 86 307 308 309 310 311 312 313 314 315 6630 6631
206 0 0 1295 1307 1308 1309 1310 1311 6632
207 0 0 3230 3259 4020 4042 4828 4857 4887 4896 4913 4990 5415 5425 5431 5432 5433 5434 5435
208 0 0 21 76 83 3492 3502 3512 3514 3522 3525 3527 6633
209 0 0 3905 3910 3915 3922 3927 3930 5828 5854 5863 5868 5869 5877 5879 6634
210 0 0 315 324 328 376 413 492 495 496 497 6635 6636
211 0 0 181 195 217 218 219 220 221 6637
212 0 0 4537 4544 4556 4562 4563 4564 4565 4566 4567 4568 4569
213 0 0 1350 3031 3045 3052 3060 4246 4265 4274 4287 4291 4298 4330 4344 4348 4357 4358 4359 4360
214 0 0 434 460 465 466 467 468 469 470 471 472 6638
215 0 0 657 1791 1800 1853 1870 1881 1891 1896 1897 1898 1899 1900 1901
216 0 0 1486 1487 1488 1489 6639 6640
217 0 0 984 2205 2218 2228 2235 2244 2245 2246 2247 2248 2249
218 0 0 75 2355 2362 3483 3493 3494 3495 3496 6641
219 0 0 1759 3199 4248 4276 4284 4296 4304 4307 4848 4855 4864 4883 4902 4908 4909 4910 4911 4912
220 0 0 3646 3702 3703 3704 3705 3706 3707 3708
221 0 0 1359 1363 2507 2523 2530 2531 2532 2533 2534 2535
222 0 0 282 993 1002 1021 1540 1561 1574 2035 2036 2037 2038 2039 2040 6642
223 0 0 6284 6291 6294 6298 6301 6318 6335 6379 6381 6382 6383 6384 6385 6386
224 0 0 243 244 245 246 247 248 249 250 251 6643
225 0 0 739 744 755 759 763 780 1593 1597 1617 1623 1626 1627 1628 1629 1630 1631 1632 6644
226 0 0 2600 2760 2830 2845 2849 2866 2884 2895 2900 2901 2902 2903
227 3 3 700 2828 2841 2862 2885 2887 2888 2889 2890 2891 2892 2893 2894 2895 2896 2897 2898 2899
228 0 0 428 442 459 466 716 1381 1387 1392 1399 1400 1401 1402 1403 1404 1405 1406 6645
229 0 0 2267 2277 2282 2287 3351 3459 3491 3504 4480 4492 4496 4509 4510 4511 4512 4513
230 0 0 3174 3219 3258 3276 3277 3281 3286 4021 4025 4034 4038 4039 4040 4041 4042 4043
231 0 0 1730 1731 1732 1733 1734 1735 1736 6646
232 0 0 5 45 127 143 150 153 387 1341 2407 2420 2429 2435 2436 2437 6647 6648
233 0 0 2827 2835 2858 2860 2861 2862 2863
234 0 0 179 188 203 211 212 213 214 215 216 6649
235 1 1 2836 2869 2880 3081 3594 3614 4169 4189 4202 4213 4218 4222 4224 4529 4561 4565 5266 5344 5476 5555 5556 5557 5558 5559 5560 5561
236 0 0 4907 4912 4921 4975 4987 5325 5503 5516 5517 5518 5519 5520 5521 5522 5523 5524 5525
237 0 0 5718 5731 6055 6079 6093 6116 6130 6133 6143 6184 6193 6205 6219 6227 6228 6229 6230
238 0 0 3 27 152 159 386 394 395 396 397 398 6650 6651
239 0 0 4995 5428 5467 5487 5506 5508 5509 5510 5511 5512 5513 5514 5515
240 0 0 2920 2929 2941 3940 4926 4932 4937 4938
241 0 0 185 204 226 664 1777 1787 1798 1812 1820 1872 1902 1903 1904 1905 1906 1907 1908 1909
242 0 0 2273 2330 2338 3448 3453 3463 3469 3470 3471 3472 3473 3474
243 0 0 1734 1738 1752 2978 3924 5831 5867 5878 5879 5889 6652
244 0 0 904 914 919 935 977 978 979 980 981 982 983 984 985 986 6653
245 0 0 5759 5773 5792 5837 5882 6180 6189 6207 6213 6214 6215 6216
246 0 0 1490 1491 1492 1493 1494 1495 1496 6654
247 0 0 1199 1204 1210 1220 1227 1240 1274 1289 1291 1292 1293 1294
248 0 0 174 365 415 416 417 418 6655
249 0 0 1659 2049 2785 2810 2881 2956 4099 4164 4176 4181 4190 4191 4192 4193 6656
250 0 0 106 192 329 342 343 344 345 346 347 348 349 6657
251 0 0 5449 5451 5681 5693 6015 6098 6140 6149 6317 6327 6333 6346 6350 6356 6359 6364 6387 6388 6389 6390 6391 6392
252 0 0 34 35 36 37 38 39 40 41 42 6658 6659
253 0 0 1533 2026 2503 2513 2514 2515 2516 2517 6660 6661
254 0 0 4719 4720 4721 4722 4723 4724 4725 6662
255 0 0 2048 2794 2811 2839 2854 2873 2877 2878 2879 2880 2881 2882 2883
256 0 0 1583 2486 3707 3749 4601 4621 4626 4638 4639 4640
257 0 0 3442 3443 3444 3445 3446 3447 3448 3449
258 0 0 1697 2601 2622 2716 2722 2733 2754 2760 2761 2762 2763 2764 2765 2766 2767 2768 2769 2770 2771
259 0 0 44 134 149 1300 1330 1331 1336 1340 1341 1342 6663
260 0 0 112 426 440 457 461 1386 1392 1393 1394 1395 1396 1397 1398
261 0 0 196 219 224 546 547 6664
262 0 0 476 1476 2559 2636 5037 5044 5053 5054 5055 5056 5057 5058 5059
263 0 0 4455 4461 4467 4473 4476 5567 5577 5581 5587 5595 5599 5604 5607 5608 5609 5610 5611 5612
264 0 0 770 781 1591 1602 1613 1615 1616 1617 1618 1619 1620 1621
265 3 3 1113 1124 1326 1346 2432 2439 2462 2467 3098 3682 3692 3693 3694 3695 3696 3697 3698 3699 3700 3701
266 0 0 2684 2911 4103 4122 4997 5018 5275 5286 5292 5294 5302 5303 5304 6665
267 0 0 3210 3225 3226 3227 3228 3229 3230 3231 3232 3233 3234 3235
268 0 0 1260 2386 2393 2699 3381 3389 3400 3538 3548 3554 3573 3579 3581
269 0 0 2298 2302 2306 2322 2693 2701 3401 3535 3559 3565 3572 3577 3578 3579 3580
270 0 0 5243 5444 5455 5683 5691 6272 6323 6324 6325 6326 6327 6328
271 0 0 846 853 860 1054 2375 2388 3539 3545 3564 3567 3576 3586 3587
272 0 0 707 718 1370 1378 2006 2543 2544 2545 2546 2547 2548 2549 2550 2551 2552 2553 6666
273 0 0 2059 2060 2061 2062 2063 2064 2065 2066 2067 2068 2069 2070 2071
274 0 0 86 87 88 89 90 91 92 93 94 95 96 6667
275 0 0 24 25 26 27 28 29 30 6668 6669
276 0 0 3888 3896 5750 6162 6174 6183 6200 6229 6231 6238 6251 6670
277 0 0 246 1603 1610 1622 1958 3998 4002 4003 6671
278 0 0 2974 3069 3082 4173 4210 4219 5558 5805 5833 5851 5866 5883 5887 5890 5892
279 3 3 306 1128 1838 1858 2430 3099 3170 3183 3201 3205 3208 3288 3770 3812 3819 4031 4232 4257 4278 4300 4308 4312 4313 4314 4315
280 0 0 1530 2017 2045 2054 3671 4061 4072 4084 4089 4090 4091
281 0 0 4130 4134 4465 5585 5611 5615 5623 5625 5632 5633 5634 5635 5636 5637
282 0 0 2970 3599 4174 4196 4217 4223 4224 6672
283 0 0 421 431 438 443 444 445 446 6673
284 0 0 64 65 66 67 68 69 70 71 6674
285 0 0 2571 2577 2607 2843 2874 2902 2908 3829 3831 3832 3833 3834 3835 3836
286 0 0 3957 3960 4779 5100 5105 5154 5270 5280 5281 5282 5283 5284 5285
287 3 3 4554 4564 4974 4984 5263 5469 5474 5505 5514 5526 5535 5557 5729 5896 5944 5953 5956 5982 5985 6064 6110 6112 6118 6126 6134 6143 6144
288 0 0 5013 6027 6156 6166 6235 6244 6245 6402 6424 6427 6428
289 4 4 1233 1237 1242 1253 1265 1270 1288 1293 1917 2459 2473 2484 3398 3440 3688 3704 3709 3710 3711 3712 3713 3714 3715
290 0 0 39 60 99 197 551 813 814 815 816 817 818 819 820 821 6675
291 0 0 3973 4440 4445 4949 5242 5246 5670 5679 5687 5697 5705 5710 5713 5714 6676
292 0 0 319 326 383 412 1273 1283 1304 1320 1333 1501 2413 2438 2457 2466 2480 2491 2520 2539 3692 3737 3744 3752 4667 4675 4681 4692 4699 4700 4701 6677
293 0 0 5159 5162 5651 5701 5993 5994 5995 5996 5997 5998 5999 6000
294 0 0 3093 4255 4294 4305 4325 4347 4358 4588 4854 4901 4911 4918 4971 4972 4973 4974 4975 4976 4977 4978 4979 4980
295 0 0 6033 6052 6103 6127 6136 6150 6161 6185 6197 6208 6228 6236 6245 6246 6247 6248
296 0 0 3864 5016 6164 6168 6173 6177 6201 6221 6234 6250 6252 6678
297 0 0 2656 2664 3856 3863 3876 3897 3898 3899 3900 3901 3902 3903 3904 3905 6679 6680
298 0 0 2149 2150 2151 2152 2153 2154 2155 2156
299 0 0 3968 3976 3994 4447 4808 4822 4945 4946 4947 4948 4949 4950 4951 6681
300 0 0 3842 3846 3985 4793 4805 4812 4813 4814 4815 4816 4817 4818 4819
301 0 0 5606 5612 5619 5624 5634 5639 6253 6269 6274 6275 6276
302 0 0 463 469 1395 1400 1451 1483 2578 4486 4504 4517 4518 4519 4520 4521 4522 4523 6682
303 0 0 124 425 451 706 712 713 714 715 716 717 718 719 720 721 6683
304 0 0 750 772 1618 1627 1942 2104 2114 2119 2139 2149 2157 2158 2159 2160 2161
305 0 0 5259 5757 5826 5842 5859 5870 5885 5895 6188 6209 6210 6211 6212 6213
306 0 0 97 198 217 546 813 978 1814 1822 3372 3421 3436 3439 4373 4385 4390 4413 6684
307 0 0 59 816 823 829 830 831 832 833 834 6685 6686
308 0 0 1110 1281 1286 1312 1325 1345 2455 2464 2465 2466 2467 2468
309 3 3 130 142 296 1130 1339 1349 2402 2422 2427 2428 2429 2430 2431 2432 2433 2434
310 0 0 1006 1025 1135 1173 1177 1185 1186 1187 1188 1189 1190 1191
311 3 3 2451 3728 4014 4032 4047 4054 4542 4576 4659 4916 4992 5026 5412 5423 5466 5480 5483 5484 5485 5486 5487 5488 5489 5490 5491 5492
312 0 0 893 894 895 896 897 898 899 900 901 902 903 904 6687
313 0 0 270 271 272 273 274 275 276 277 278 279 280 281 282 283 6688
314 0 0 1758 2997 3037 3059 3064 3065 3066 3067 3068 3069 3070 3071 3072 3073
315 0 0 1998 2818 2871 3825 3833 4959 5168 5178 5191 5193 5205 5206 5207 5208 5209 5210 5211 5212 5213 5214 5215
316 0 0 3200 3287 4256 4281 4305 4306 4307 4308 4309 4310 4311
317 0 0 5501 5802 6408 6419 6451 6452 6453 6454 6455
318 0 0 2294 2333 2341 2384 2694 2702 3536 3547 3570 3575 3580 3581 3582 3583
319 2 2 295 669 1116 1129 1317 1347 1837 1859 1873 1876 2431 2475 3175 3204 3206 3207 3208 3209
320 0 0 508 1711 2931 4105 4110 4111 4112 4113 6689
321 3 3 184 666 1111 1118 1127 1315 1811 1818 1903 1920 2074 2456 2465 2469 2470 2471 2472 2473 2474 2475 2476 2477 2478 2479
322 0 0 511 1708 2910 4101 4102 4103 4104 4105 4106 4107 4108 4109
323 0 0 3948 4746 5047 5071 5096 5107 5108 5109 5110 5111 5112 5113 6690 6691
324 0 0 1382 1478 2548 2554 2555 2556 2557 2558 2559 2560 2561
325 0 0 1137 1146 1188 1216 1222 1535 1542 1555 1564 1568 1576 1577 1578 1579 1580 1581 1582 1583 6692
326 0 0 1350 1351 1352 1353 1354 1355 1356 1357 1358 1359 1360 6693
327 0 0 871 880 2265 2278 2279 2280 2281 2282 6694
328 0 0 724 1878 1893 1922 1923 1924 1925 1926 1927 1928 1929 1930 1931 6695
329 0 0 5031 5566 5570 5576 5590 5594 5595 5596 5597
330 0 0 1953 3995 3996 3997 3998 3999 4000 4001 6696 6697
331 0 0 2641 3841 3844 3845 3846 3847 3848 3849 3850 3851 6698
332 0 0 373 385 1198 1200 1201 1202 1203 1204
333 0 0 307 350 351 352 353 354 355 356 6699
334 0 0 1982 1997 2009 2813 2814 2815 2816 2817 2818 2819 2820
335 0 0 808 1044 1159 1182 2340 2382 2709 3301 3305 3323 3328 3329 3330 3331 3332 3333 3334
336 0 0 3025 3053 4247 4264 4275 4285 4286 4287 6700
337 0 0 595 616 627 629 630 631 632 633 634 635 636 637 638 639 6701
338 0 0 536 537 538 539 540 541 6702 6703
339 0 0 2648 3838 3853 4721 4726 4727 4728 4729 4730 4731 4732 4733 4734 6704
340 0 0 1499 1557 1571 2481 2488 2489 2490 2491 2492 2493 2494 2495
341 0 0 255 259 260 261 262 263 6705
342 0 0 22 82 1047 3457 3478 3489 3499 3508 3517 3518 3519 3520 3521 3522 3523
343 0 0 785 987 999 1005 1018 1134 1153 1169 1171 1172 1173 1174
344 0 0 3106 3132 3150 4366 4382 4389 4392 4393 4394
345 0 0 5507 5515 5525 5534 5538 5547 5553 5554 6059 6073 6076 6108 6116 6117 6118
346 0 0 900 923 934 985 2304 3366 3378 3425 3428 3431 3432 3433
347 0 0 4670 4671 4672 4673 4674 4675 4676 4677 4678 4679
348 0 0 419 420 421 422 423 424 425 426 427 428 429
349 0 0 458 464 468 1394 1417 1445 1449 1464 1466 2582 2590 2613 4489 4503 4517 4525 4526 4527 6706
350 0 0 873 882 892 2259 2260 2261 2262 2263 2264 2265 2266 2267 6707
351 0 0 51 1740 1741 1742 1743 1744 1745 1746 1747 6708
352 0 0 1888 1900 3167 3180 3223 3268 3275 3279 3281 3282 3283
353 0 0 1729 2673 2918 2944 3934 3941 4140 4418 4427 4771 4922 4932 4933 4934 4935 4936
354 0 0 278 1011 1442 1457 1466 1467 1468 1469 1470 1471 1472 1473 1474 1475 6709
355 0 0 844 850 1055 1071 2373 3534 3544 3555 3563 3576
356 0 0 506 1516 1716 2650 2651 2652 2653 2654 2655 2656 6710
357 0 0 2417 3776 3786 3793 3810 3818 3819 3820 3821 3822 3823
358 0 0 284 353 800 1077 1093 1143 1162 1223 1230 1234 1248 1262 1266 1267 1268 1269 1270
359 0 0 3694 3741 4334 4595 4655 4666 4677 4680 4696 4698 4699 4702 4703
360 0 0 1098 1105 1163 1243 1254 1255 1256 1257 1258 1259 1260 1261 1262 1263 1264 1265
361 0 0 1531 2013 2024 2025 2026 2027 2028 2029 2030 2031 2032 2033 2034 6711 6712
362 0 0 1539 1545 1552 1563 1567 1573 1574 1575 1576 6713
363 0 0 250 729 764 765 766 767 768 769 770
364 0 0 1123 3097 3176 3209 3280 3689 3698 4022 4025 4026 4027 4028 4029 4030 4031 4032 4033
365 0 0 1125 2425 2433 3094 3095 3096 3097 3098 3099 3100
366 0 0 2404 3693 4227 4318 4324 4332 4333 4334 4335 4336 4337 4338 4339 4340
367 0 0 6016 6310 6316 6375 6383 6388 6482 6486 6504 6509 6511
368 0 0 605 606 607 608 609 6714 6715
369 3 3 705 2846 2888 3617 4968 5175 5219 5460 5478 5924 5938 5947 5957 5981 6277 6278 6279 6280 6281 6282 6283 6284
370 0 0 48 49 50 51 52 53 54 55 6716
371 0 0 1377 1385 2549 2554 2633 4706 4707 4708 4709 4710 4711 4712 4713
372 0 0 1295 1296 1297 1298 1299 1300 1301 1302 6717
373 0 0 1058 1066 1072 1080 1090 1167 2231 2371 2372 2373 2374 2375 2376 2377 2378
374 2 2 2545 2629 2816 3827 4711 5091 5134 5141 5188 5194 5199 5211 5339 6004 6009 6038 6302 6314 6416 6438 6441 6466 6470
375 0 0 1590 1604 1609 1610 1611 1612 1613 1614 6718
376 0 0 1584 1600 1605 1633 3347 4433 4441 4471 5235 5445 5602 5713 6254 6265 6267 6268 6269 6270 6271 6272 6273 6719
377 0 0 593 620 635 751 757 761 771 1805 2097 2112 2113 2114 2115 2116 2117
378 0 0 5233 5239 5447 5451 5452 5453 5454 5455 5456 5457 5458 5459
379 0 0 1038 1050 2356 3292 3304 3330 3447 3455 3466 3476 3487 3501 3507 3515 3516 3517
380 0 0 5753 5754 5755 5756 5757 5758 5759 5760 5761 5762
381 0 0 2913 3859 3870 4101 4425 4772 4997 4998 4999 5000 5001 5002 5003 5004 6720
382 0 0 57 107 108 109 110 111 112 113 6721 6722
383 0 0 3950 4733 4741 4754 4762 4778 4783 4784 4785 4786 4787
384 0 0 3954 3958 4744 4750 4756 4762 4763 4764 4765 6723 6724
385 0 0 5330 5521 6046 6067 6074 6075 6076 6077 6078 6079
386 0 0 578 604 648 650 651 652 653 654 655 656 657 658 659 660 6725
387 0 0 291 799 1074 1085 1091 1092 1093 1094 1095 1096 1097 1098
388 0 0 1911 2061 2076 2134 2146 2443 2444 2445 2446 2447 2448 2449 2450 2451 2452 2453 2454
389 0 0 649 660 1829 1843 1848 1856 1877 1878 1879 1880 1881 1882 1883 1884 6726
390 0 0 1704 1719 1723 1724 1725 1726 1727 1728 1729 6727 6728
391 0 0 5378 5500 5797 5813 5815 6407 6420 6433 6447 6448 6449 6450 6451
392 0 0 1762 3002 3012 3198 4254 4277 4282 4303 4304 6729
393 0 0 5756 5772 5781 5793 5818 5835 5836 5837 5838 5839 5840 5841 5842
394 0 0 167 558 566 575 587 588 589 590 6730 6731 6732
395 3 3 1404 1432 1484 2579 2589 2614 4507 4518 4527 5174 5217 5220 6280 6285 6286 6287 6288 6289 6290 6291
396 0 0 4240 4241 4242 4243 4244 4245 4246 4247 4248 4249 4250 4251 4252 4253 4254 4255 4256 4257 4258
397 0 0 129 136 137 138 139 140 141 142 143 144 6733
398 0 0 5332 5351 5376 5493 5494 5495 5496 5497 5498 5499 5500 5501
399 0 0 6159 6167 6171 6175 6181 6186 6195 6214 6220 6227 6234 6235 6236 6237 6238 6239 6240
400 0 0 695 1495 1645 1650 1651 1652 1653 1654 6734
401 0 0 1647 1687 1692 1988 2000 2715 2732 2764 2779 2786 2797 2799 2800 2801 2802 2803 2804
402 0 0 689 1646 1681 1682 1683 1684 1685 1686 1687 1688 1689 1690 6735
403 0 0 1496 1642 1653 2773 2802 4060 4079 4083 4086 4087 4088 6736 6737 6738
404 0 0 1547 1566 1580 2485 2488 2527 2537 3654 3680 4598 4617 4619 4623 4624 4625 4626 4627 4628
405 0 0 489 1217 1498 1534 1551 1567 1568 1569 1570 1571 1572
406 0 0 1112 1122 1133 2460 2464 2469 3682 3683 3684 3685 3686 3687 3688 3689 3690 3691
407 0 0 176 190 200 210 215 334 661 1108 1117 1132 1192 1280 1285 1310 1312 1313 1314 1315 1316 1317 1318 1319 6739
408 0 0 333 1114 1245 1282 1287 1313 1328 1809 1824 2455 2456 2457 2458 2459 2460 2461 2462 2463
409 0 0 663 1106 1115 1116 1117 1118 1119 1120 1121 1122
410 0 0 5568 5573 5579 5584 5591 5594 5598 5599 5600
411 0 0 1913 2446 2705 3394 3717 3730 4051 4129 4132 5025 5026 5027 5028 5029 5030 5031 5032 5033
412 0 0 3972 3981 3987 3988 3989 6740
413 0 0 2642 3849 3963 3979 3982 3990 3991 3992 3993 3994 6741 6742
414 0 0 3232 3260 3289 4039 4827 4828 4829 4830 4831 4832 4833 4834 4835
415 0 0 3231 3241 4019 4888 5382 5387 5397 5420 5431 5436 5437 5438 5439
416 0 0 903 982 3364 3417 3422 3423 3424 3425
417 0 0 975 1771 1821 3158 3371 3410 3416 3426 3441 4364 4380 4383 4384 4385 4386 4387 4388
418 0 0 2965 3595 3607 3615 3676 3678 4214 4221 4528 4529 4530 4531 4532 4533 4534 4535 4536 4537
419 0 0 4596 4597 4598 4599 4600 4601 4602 4603 4604 4605 4606 4607 4608 4609 4610 4611
420 0 0 3647 3705 3719 4536 4569 4600 4614 4622 4632 4633 4634 4635 4636 4637
421 0 0 2498 2529 2538 2966 3592 3608 3657 3679 3767 4533 4603 4616 4624 4631 4641 4642 4643 4644
422 0 0 1677 1722 2916 2927 2934 2936 2937 2938 2939 6743
423 0 0 2948 2954 3939 3940 3941 3942 3943 3944 3945
424 0 0 1713 2915 2928 2931 2932 2933 2934 2935 6744
425 0 0 483 485 499 1508 1513 1663 1665 1673 1674 1675 1676 1677 1678 1679 1680 6745
426 0 0 1437 1440 1441 1442 1443 1444 1445 1446 1447 6746
427 0 0 455 1396 1409 1415 1417 1418 1419 1420 1421 1422 6747
428 0 0 6187 6188 6189 6190 6191 6192 6193 6194 6195 6196 6197 6198 6199 6200 6201 6202
429 0 0 5715 5716 5717 5718 5719 5720 5721 5722 5723
430 0 0 467 473 1405 1477 2558 2562 2630 2636 2637 2638 2639 2640 6748 6749
431 0 0 472 477 1481 4523 5053 5066 5074 5075 5076 5077 5078 5079 5080 5081 5082 6750
432 0 0 474 2637 5043 5056 5066 5067 5068 6751
433 0 0 471 475 1380 1399 1476 1477 1478 1479 1480 1481 1482 1483 1484 1485
434 0 0 2820 5209 5350 5497 5979 6012 6418 6437 6462 6467 6470 6471
435 0 0 5352 5496 5796 5978 6124 6413 6425 6436 6454 6464 6468
436 0 0 1826 1827 1828 1829 1830 1831 1832 1833 1834 1835 1836 1837 1838 1839 6752 6753
437 0 0 1884 1895 1901 3164 3178 3179 3180 3181 3182
438 0 0 3861 3872 3873 3874 3875 3876 3877 3878 3879 3880 3881 3882 3883 3884 6754
439 0 0 3938 4138 4155 4774 5767 5788 5819 5841 5843 5844 5845 5846 5847
440 0 0 3866 3882 5003 5758 5766 5785 5791 5858 6170 6176 6177 6178 6179 6180 6181
441 0 0 3877 3901 3906 3916 3923 3931 5825 5847 5852 5855 5864 5869
442 0 0 160 298 390 397 401 403 530 1861 2416 3775 3787 3789 3806 3809 3814 3822 3824 6755
443 0 0 164 532 1836 1863 1866 3166 3181 3183 3184 3185 3186 3187 3188 3189 6756
444 0 0 650 727 746 1879 1890 1923 1939 1941 1942 1943 1944 1945 1946 1947 1948 1949 1950 6757
445 0 0 592 651 1786 1801 1854 1886 1897 2088 2089 2090 2091 2092 2093 2094 2095 2096 2097 2098 2099 2100
446 0 0 584 596 652 749 1946 2091 2112 2118 2119 2120 6758
447 0 0 1894 1930 1945 2087 2088 2108 2141 3214 3238 3251 3254 3255 3256
448 0 0 2729 2741 2769 3675 4056 4070 4071 4072 4073 4074 6759
449 0 0 1027 1560 2022 2031 2035 2743 3655 3662 3664 3665 3666 3667 3668 3669 6760
450 0 0 2039 2718 2731 2739 2740 2741 2742 2743 2744 2745 6761
451 0 0 2015 2033 2046 2678 2735 2765 2805 2851 2877 2967 3620 3659 3667 3670 3671 3672 3673 3674 3675 3676 3677
452 0 0 4713 5088 5143 5166 5183 5190 5193 5194 5195 5196 5197
453 0 0 2586 4961 4969 5163 5172 5173 5174 5175 5176 5177 5178 5179 5180 5181 5182
454 0 0 96 170 317 368 378 407 408 409 410 411 412 413 414 6762
455 0 0 90 320 325 326 327 328 6763 6764
456 0 0 1254 2332 2337 2381 2695 2699 2700 2701 2702 2703 2704 2705 2706 2707 2708 2709 2710 2711
457 0 0 841 1040 1056 2379 3333 3477 3511 3516 3520 3541 3549 3569 3584 3586 3589 3590
458 0 0 23 81 887 957 2295 2326 2342 2696 3452 3462 3480 3497 3521 3524 3527 3540 3566 3583 3585 3588 3589
459 0 0 840 1039 1053 1060 1079 1166 1257 2371 2379 2380 2381 2382 2383 2384 2385 2386 2387 2388 2389
460 0 0 536 608 3129 3142 3153 3155 3156 3157 6765 6766
461 0 0 609 622 639 646 3111 3124 3130 3134 3135 3136 3137 3138 3139 3140 6767
462 0 0 568 605 624 3113 3117 3122 3124 3125 3126 6768 6769
463 0 0 3133 3140 3144 3149 3154 3157 3163 4368 4393 4396 4397 4398 4399 4400 4401 4402 6770
464 0 0 4322 4335 4550 4574 4581 4591 4593 4653 4663 4668 4678 4694 4697 4702 4704 4705
465 0 0 1351 1365 2531 3755 4327 4337 4343 4348 4349 4350 4351 4352 4353
466 0 0 3349 4434 5390 5406 5421 5443 5582 5601 5910 6088 6271 6326 6372 6396 6398 6476 6490 6495 6499 6502
467 0 0 6283 6337 6371 6378 6382 6479 6492 6497 6505 6508 6509 6510
468 0 0 6258 6263 6266 6273 6276 6324 6338 6355 6360 6473 6488 6489 6490 6491 6492 6493 6494
469 0 0 5930 5935 5945 5972 6366 6367 6368 6369 6370 6371 6372 6373 6374
470 0 0 557 581 659 1790 1850 2092 3101 3119 3121 6771
471 0 0 554 569 585 598 625 632 762 1783 1803 3110 3118 3122 3123
472 0 0 2983 3872 3894 3921 5746 6198 6224 6226 6233 6249 6250
473 0 0 3862 3880 3885 3886 3887 3888 6772
474 0 0 1511 1655 1656 1657 1658 1659 1660 1661 1662 1663 1664 6773
475 0 0 1509 1520 2973 4145 4159 4167 4175 4186 4194 4205 4206 4207 4208 4209 4210 4211 4212 6774
476 0 0 1931 1940 1950 2110 2175 3213 3236 3248 3249 3250 3251 3252 3253
477 0 0 731 1933 1954 3339 4011 4431 4939 5238 5249 5379 5391 5401 5405 5406 5407 5408 5409
478 0 0 730 766 1932 1949 2065 2105 2162 2172 2176 3227 3237 3252 3342 4009 4432 4839 5380 5385 5386 5387 5388 5389 5390 5391 5392 5393 5394
479 0 0 722 1926 1937 3249 3335 4008 4840 4845 4868 4869 4870 4871 6775
480 0 0 3239 4018 5385 5410 5411 5412 5413 5414 5415 5416 5417 5418 5419 5420 5421 5422
481 0 0 5933 5941 5966 5969 5970 5971 5972 5973 5974 5975 5976
482 0 0 5033 5389 5410 5491 5562 5572 5583 5592 5596 5598 5605 5609 5632 5638 5907 5929 5931 5942 5973 6270 6274 6368 6399 6477 6493 6501 6502 6503
483 0 0 5419 5429 5486 5529 5903 5913 5917 5918 5919 5920 5921
484 0 0 697 698 699 700 701 702 703 704 705
485 0 0 1155 1160 1183 1255 2385 2703 3322 3332 3396 3634 3649 3721 4124 4131 4132 4133 4134
486 0 0 703 807 1019 1043 1158 1178 3300 3309 3318 3322 3323 3324 3325 3326 3327
487 0 0 704 2893 3616 3630 3650 3723 4127 4131 4613 4633 5027 5470 5475 5489 5589 5626 5633 5922 5923 5924 5925 5926 5927 5928 5929 5930
488 0 0 168 576 1828 1841 1846 1849 6776 6777
489 0 0 572 647 648 649 6778
490 0 0 1353 3040 3056 3061 3088 3604 3611 4299 4326 4341 4342 4343 4344 4345 4346 4347
491 0 0 3038 3068 3074 3075 3076 3077 3078 3079 3080 3081 3082
492 0 0 3043 3076 3085 3597 3602 4341 4555 4971 4981 5255 5263 5264 5265 5266 5267 5268 5269
493 0 0 1354 1754 2995 3034 3046 3054 3055 3056 3057 3058 3059 6779
494 0 0 5040 5085 5111 5118 5129 5145 5153 5160 5161 5162
495 0 0 5046 5058 5084 5099 5108 5130 5150 5204 5654 5672 5995 6005 6021 6304 6332 6344 6345 6346 6347
496 0 0 925 933 942 952 964 2293 2299 2303 2304 2305 2306 2307 2308 2309 6780
497 0 0 15 869 875 883 945 951 955 957 958 959 960 961 6781
498 0 0 479 485 486 487 488 6782 6783
499 0 0 478 1504 1505 1506 1507 1508 1509 1510 1511 1512 6784 6785
500 0 0 2685 2689 3947 4120 5010 5097 5109 5117 5128 5139 5158 5272 5283 5287 5290 5291 5292 5293 6786
501 0 0 5119 5146 5157 5160 5649 5994 6003 6034 6036 6037 6038 6039 6040 6041 6042 6043 6044
502 0 0 5102 5106 5113 5124 5131 5140 5148 5149 5150 5151 5152 5153 5154 5155 5156 5157 5158 5159
503 0 0 4121 5011 5114 5132 5147 5291 5300 5335 6036 6406 6429 6435 6441 6442 6443 6444 6445 6446
504 0 0 5481 5926 5937 5947 5948 5949 5950 5951 5952 5953 5954
505 0 0 2838 2870 2899 3619 3835 4530 4568 4964 5213 5343 5462 5477 5555 5794 5955 5977 5978 5979 5980 5981 5982 5983 5984
506 0 0 2992 3000 3084 4292 5258 5268 5717 5724 5734 5735 5736 5737
507 0 0 5260 5726 5744 5872 5886 5894 6122 6190 6204 6212 6217 6218 6219
508 0 0 2100 2111 2117 2120 2126 2138 2142 2148 2153 2160 2178 2181 2182 2183
509 0 0 2169 2191 2194 3343 4452 4457 4472 4474 5392 5578 5580 5601 5602 5603 5604 5605 5606
510 0 0 768 1596 1616 1631 2070 2150 2159 2162 2163 2164 2165 2166 2167 2168 2169 2170 2171
511 0 0 2062 2077 2099 2102 2125 2133 2145 2180 2181 2190 2193 2444 4450 4451 4452 4453 4454 4455
512 0 0 893 929 971 972 973 974 975 976 6787
513 0 0 621 643 949 966 2314 3137 3145 3146 3147 3148 3149 6788
514 0 0 736 742 754 1592 1599 1611 1620 1622 1623 1624 1625 6789
515 0 0 610 611 612 613 614 615 616 617 618 619 620 621 622 6790
516 0 0 618 734 740 741 742 743 744 6791
517 0 0 614 636 737 741 752 758 760 771 772 773 774 775 776 777 778 779 780 781
518 0 0 4546 4589 4917 4976 4982 4987 4988 4989 4990 4991 4992 4993 4994 4995 4996
519 0 0 3257 3285 4023 4041 4306 4570 4586 4830 4851 4854 4855 4856 4857 4858 4859 4860 4861
520 0 0 733 1935 1959 3335 3336 3337 3338 3339 3340 3341 6792
521 0 0 4944 4951 4955 4957 5020 5222 5223 5224 5225 5226 5227 5228 5229 5230 5231 5232 5233 6793
522 0 0 4942 5222 5240 5250 5393 5403 5408 5441 5457 5906 6048 6071 6084 6085 6086 6087 6088 6089 6090 6091
523 0 0 1952 3336 3999 4872 4941 4952 4953 4954 4955 6794
524 0 0 279 2621 2718 2719 2720 2721 2722 2723 2724 2725 6795
525 0 0 2717 2726 2727 2728 2729 2730 2731 2732 2733 2734 2735 2736 2737 2738 6796
526 0 0 2396 2409 3016 3017 3018 3019 3020 3021 3022 3023 3024 3025 3026 6797
527 0 0 126 140 299 389 2400 2411 2415 2416 2417 2418 2419 2420 2421 2422 2423 2424 2425 2426 6798
528 0 0 2395 2396 2397 2398 2399 2400 2401 2402 2403 2404 2405 6799
529 0 0 2418 3016 3779 3792 3801 3805 3813 3818 4233 4237 4253 4260 4269 4270 4280 4300 4301 4302
530 0 0 119 444 449 524 713 1389 1407 1408 1409 1410 1411 1412 1413 6800
531 0 0 1439 1447 1452 1462 1465 1475 2583 2587 2588 2589 2590 2591 2592 2593 2594 2595
532 0 0 277 525 1408 1414 1420 1428 1435 1441 1453 1454 1455 1456 1457 1458 1459 1460 1461 1462 6801
533 0 0 717 1372 1390 1397 1401 1411 1426 1431 1448 2578 2579 2580 2581 2582 2583 2584 2585 2586
534 0 0 3188 3191 3771 3804 3811 3816 3823 4243 4259 4266 4276 4277 4278 4279 4280 4281
535 0 0 3003 3782 3791 3796 3797 3798 3799 3800 3801 3802 6802 6803
536 0 0 271 1461 2593 2603 2609 2618 2619 2620 2621 2622 2623 2624 2625 2626 2627
537 0 0 276 516 526 677 1453 1700 1967 1969 2598 2712 2723 2728 2748 2752 2753 2754 2755 2756 6804
538 0 0 2399 3018 4229 4238 4252 4262 4286 4302 4319 4328 4340 4354 4355 4356 4357
539 0 0 3096 3690 3697 4030 4226 4234 4314 4316 4333 4552 4577 4585 4592 4593 4594 4595
540 0 0 4719 4726 4749 4752 4753 4754 4755 4756 4757 4758 6805
541 0 0 3953 3959 4763 4776 4777 4778 4779 4780 4781 4782 6806
542 0 0 393 398 402 406 533 2415 2436 2442 3020 3780 3788 3789 3790 3791 3792 3793 3794 3795 6807 6808
543 0 0 3777 3783 3802 3803 3804 3805 3806 3807 3808
544 0 0 2352 2360 2366 2370 3314 3350 3481 3493 3505 4488 4490 4500 4511 4514 4524 6809
545 0 0 1473 2588 2612 3313 3354 4479 4494 4498 4501 4502 4503 4504 4505 4506 4507 4508
546 0 0 2781 2790 2798 2804 2812 2872 2882 4166 4187 4190 4199 4200 4201 4202 4203 4204
547 0 0 1690 1691 1981 1994 1995 1996 1997 1998 1999 2000 2001 2002 2003 2004 2005
548 0 0 2646 3847 3969 3975 3984 3990 4794 4802 4805 4806 4807 4808 4809 4810 4811
549 0 0 3951 4724 4731 4740 4741 4742 4743 4744 4745 4746 4747 4748 4749 6810 6811
550 0 0 3837 3838 3839 3840 3841 3842 3843 6812
551 0 0 4782 4787 4796 4798 4800 4804 4811 4819 4825 5103 5155 5279 5281 5288 5312 5318 5319 5320 5321 5322 6813
552 0 0 118 234 239 448 514 522 523 524 525 526 527 528 529 6814 6815
553 0 0 123 231 240 706 707 708 709 710 711 6816
554 0 0 122 235 527 710 714 1368 1407 1423 1424 1425 1426 1427 1428 1429
555 0 0 233 238 239 240 241 242 6817
556 0 0 641 896 972 3160 3418 4370 4384 4399 4404 4405 4406 4407 4408 6818
557 0 0 541 545 3156 4375 4402 4411 4412 4415 6819
558 0 0 539 542 640 641 642 643 644 645 646 6820
559 0 0 4363 4364 4365 4366 4367 4368 4369 4370 4371 4372 4373 4374 4375 4376 4377 6821
560 0 0 3964 4801 4820 5277 5284 5305 5311 5312 5313 6822
561 0 0 3974 4795 4809 4815 4824 4945 5321 5645 5648 5657 5663 5674 5688 5694 5695 5696 5697
562 0 0 2644 3965 3991 4760 4789 4799 4801 4802 4803 4804 6823
563 0 0 3966 4823 4947 5229 5309 5313 5319 5641 5642 5643 5644 5645 5646 6824
564 0 0 5440 5898 5908 5920 5934 5939 5970 6085 6104 6114 6125 6369 6395 6398 6399 6400
565 0 0 5422 5430 5435 5439 5490 5508 5527 5542 5900 5911 5912 5913 5914 5915 5916
566 0 0 809 842 847 1014 1035 1039 1040 1041 1042 1043 1044 1045 1046 1047 1048 1049 1050 6825
567 0 0 287 782 783 784 785 786 787 788 789 790 791 792 793 6826
568 0 0 2132 2317 2321 2692 3402 3407 3574 3578 4458 4462 4463 4464 4465 4466 4467
569 0 0 866 950 960 962 963 964 965 966 967 968 969 970 6827
570 0 0 899 917 922 932 933 934 935 936 937 938 6828
571 0 0 254 264 902 905 906 907 908 909 910 911 912 913 914 6829 6830
572 0 0 5533 5560 5730 5804 5918 5943 5962 5969 5983 5986 6017 6060 6111 6113 6119 6120 6121 6122 6123 6124 6125 6126 6127 6128 6129 6130
573 0 0 5940 5952 5961 5964 5965 5966 5967 5968
574 0 0 5006 5023 5298 5307 5315 5642 5653 5656 5675 5698 5996 6024 6025 6026 6027 6028 6029 6030 6031 6032 6033 6034 6035
575 0 0 5442 5454 5971 5988 6011 6057 6082 6086 6101 6105 6115 6120 6141 6147 6246 6373 6389 6393 6394 6395 6396 6397
576 0 0 5225 5248 5308 5316 5448 5453 5643 5676 5682 5699 6032 6050 6087 6098 6099 6100 6101 6102 6103
577 0 0 5991 6014 6031 6043 6065 6119 6137 6145 6146 6147 6148 6149 6150 6151
578 0 0 6 20 72 78 79 80 81 82 83 84 85 6831 6832
579 0 0 10 265 858 910 915 937 939 940 941 942 943 944 945 946 6833 6834
580 0 0 7 14 78 939 954 955 956 6835
581 0 0 9 80 266 849 854 855 856 857 858 859 860 6836
582 0 0 821 828 834 837 2201 2216 2223 2226 2227 2228 2229 6837
583 0 0 261 826 830 857 1068 2204 2215 2224 2230 2239 2241 2242 2243 6838
584 0 0 253 262 267 905 2203 2212 2219 2235 2236 2237 2238 2239 2240
585 0 0 818 827 832 1065 1070 1087 2202 2225 2226 2230 2231 2232 2233 2234
586 0 0 182 205 214 661 662 663 664 665 666 667 668 669 670
587 0 0 186 187 207 212 223 227 228 229 230 6839
588 0 0 175 176 177 178 179 180 181 182 183 184 185 186 6840
589 0 0 202 213 227 667 1794 1804 1834 1852 1869 1870 1871 1872 1873 1874 1875 6841
590 0 0 4102 4119 4999 5008 5022 5123 5274 5289 5290 5294 5295 5296 5297 5298 5299 5300 5301
591 0 0 5012 5121 5652 5997 6029 6037 6155 6243 6403 6423 6427 6429 6430 6431 6432 6433
592 0 0 878 885 2266 2274 2280 3444 3450 3458 3484 3497 3498 3499 3500 3501 3502 3503 3504 3505 3506
593 0 0 865 877 884 958 962 2268 2288 2289 2290 2291 2292 2293 2294 2295 2296 2297 2298
594 0 0 18 867 874 875 876 877 878 879 880 881 882 6842
595 0 0 889 2270 2288 2326 2327 2328 2329 2330 2331 2332 2333 2334 2335
596 0 0 1429 1430 1970 2570 2573 2585 2591 2599 2887 2905 3828 3831 4958 4967 5170 5177 5192 5215 5218 5219 5220 5221
597 0 0 2844 2896 2903 2906 3834 4962 4966 5214 5460 5461 5462 5463 5464
598 0 0 3945 4135 4136 4137 4138 4139 4140 4141 4142 4143
599 0 0 1669 1678 2924 2936 4148 4928 5338 5355 5356 5357 5358 5359 6843
600 0 0 4931 4936 4938 5358 5361 5370 5375 5811 5816 6414 6447 6453 6457 6460 6469
601 0 0 484 500 1510 1514 1657 1673 1715 2925 2942 2949 2950 2951 2952 2953 2954
602 0 0 337 1091 1101 1228 1236 1241 1243 1244 1245 1246 1247 1248 1249 1250 1251 1252 1253
603 0 0 41 101 346 357 802 817 824 1063 1073 1081 1082 1083 1084 1085 1086 1087 1088 1089 1090
604 0 0 3168 3196 3224 3271 3283 3284 3285 3286 3287 3288 3289 3290 3291
605 0 0 1928 3194 3273 4843 4849 4862 4863 4864 4865 4866 4867 6844
606 0 0 1925 3218 3235 3264 3272 3291 4038 4831 4836 4843 4844 4845 4846 4847 6845
607 0 0 1760 3169 3187 3190 3191 3192 3193 3194 3195 3196 3197 3198 3199 3200 3201 6846
608 0 0 4142 4422 4770 4923 4933 5779 5787 5799 5808 5809 5810 5811 5812 5813 5814
609 0 0 5561 5732 5776 5803 5880 5893 6121 6144 6187 6203 6204 6205 6206 6207 6208 6209
610 0 0 4170 4182 4206 5345 5364 5372 5499 5559 5778 5794 5795 5796 5797 5798 5799 5800 5801 5802 5803 5804 5805 5806 5807
611 0 0 4767 5761 5765 5771 5784 5790 5791 5792 5793
612 0 0 594 637 1768 1775 1784 1797 1798 1799 1800 1801 1802 1803 1804 1805 1806 1807 1808
613 0 0 206 228 1788 1851 1871 1905 3101 3102 3103 3104 3105 3106 3107 3108 3109 6847
614 0 0 518 529 671 672 673 674 675 676 677 678 679 680
615 0 0 693 1681 1964 1976 1978 1979 1980 1981 1982 1983 1984 1985 1986
616 0 0 237 242 519 528 679 685 709 1376 1423 1434 1456 1699 1966 1969 1970 1971 1972 1973 1974 1975 1976 1977
617 0 0 674 691 1643 1682 1702 1961 1978 1987 1988 1989 1990 1991 1992 1993
618 0 0 1772 1782 1796 1808 1816 1825 3107 3404 4363 4378 4379 4380 4381 4382
619 0 0 612 779 1767 2082 2116 2122 2127 2128 2129 2130 2131 2132 2133 2134 2135 2136 2137 2138
620 0 0 611 630 1765 2124 2127 2315 3136 3147 3161 3413 3429 4369 4379 4383 4395 4398 4403 4404
621 0 0 1769 1773 1774 1775 1776 1777 1778 1779 1780 1781 1782
622 0 0 513 678 681 694 1650 2746 2753 2758 4080 4088 6848 6849
623 0 0 521 676 1648 1701 1962 1990 2567 2712 2713 2714 2715 2716 2717
624 0 0 513 514 515 516 517 518 519 520 521 6850
625 0 0 1649 1654 1992 2714 2726 2750 2757 2803 4058 4067 4074 4079 4080 4081 6851 6852
626 0 0 98 331 347 814 1081 1102 1246 1817 1918 2458 2471 3370 3385 3387 3393 3412 3437 3439 3440 3441
627 0 0 180 199 218 225 335 665 1314 1781 1809 1810 1811 1812 1813 1814 1815 1816
628 0 0 1910 2075 2450 2477 3221 3247 3263 3266 3732 4013 4036 4045 4053 4054 4055
629 0 0 1773 1802 1907 2069 2072 2095 2101 2123 2135 2143 2144 2145 2146 2147 2148
630 0 0 1526 2012 2024 2050 2512 2517 2675 2676 2677 2678 2679 2680 6853
631 0 0 1529 2014 2030 2044 2053 2054 2055 2056 2057 2058 6854
632 0 0 1588 1605 1606 1607 1608 1609 6855
633 0 0 778 1586 1594 1615 1625 1630 2165 2184 2197 3342 3343 3344 3345 3346 3347 3348 3349
634 0 0 4321 4346 4353 4540 4553 4579 4590 4665 4705 4919 4972 4981 4982 4983 4984 4985 4986
635 0 0 3726 4046 4541 4558 4566 4573 4608 4629 4635 4646 4653 4654 4655 4656 4657 4658 4659 4660 4661
636 0 0 1968 1977 1986 1993 2005 2011 2569 2572 2573 2574 2575 2576 2577
637 0 0 675 1689 1691 1692 1693 1694 1695 1696 1697 1698 1699 1700 1701 1702 1703
638 0 0 2990 2999 3009 3091 3892 4290 4297 4900 4978 5523 5721 5735 5738 5739 5740 5741
639 0 0 2984 3873 3918 5256 5743 5747 5861 5873 6192 6211 6218 6222 6225 6226
640 0 0 5262 5269 5715 5724 5725 5726 5727 5728 5729 5730 5731 5732 5733
641 0 0 48 2988 3008 3885 3889 3890 3891 3892 3893 3894 3895 3896 6856
642 0 0 5080 5087 5167 5176 5184 5196 5198 5199 5200 5201 5202 5203 5204 5205
643 0 0 711 720 1368 1369 1370 1371 1372 1373 1374 1375 1376 1377
644 0 0 719 1371 1379 1402 1482 2551 2555 2580 4519 4708 5055 5077 5083 5169 5179 5185 5197 5203 5216 5217
645 0 0 1373 1424 1972 1985 2007 2543 2575 2584 2817 3826 4710 5165 5181 5186 5187 5188 5189 5190 5191 5192
646 0 0 0 135 138 145 151 152 153 154 155 6857 6858 6859
647 0 0 1 391 396 400 2426 2437 2442 6860 6861
648 0 0 4826 5005 5122 5156 5273 5282 5293 5297 5310 5311 5314 5318 5644 5647 5656 5657 5658
649 0 0 2686 2690 3949 3961 4781 5271 5280 5286 5287 5288 5289 6862
650 0 0 2019 2029 2056 4093 4100 6863 6864
651 0 0 2023 2034 2740 3664 4065 4075 4090 4094 4096 4098 6865
652 0 0 1664 1672 1680 2776 2953 4147 4178 4188 4199 4927 5340 5348 5355 5360 5367
653 0 0 4152 4183 4207 4924 5346 5362 5372 5373 5374 5375 5376 5377 5378
654 0 0 3030 3039 3040 3041 3042 3043 3044 3045 3046 3047
655 0 0 1750 2979 2996 3010 3029 3051 3054 3062 3071 3092 3912 4249 4272 4288 4289 4290 4291 4292 4293 6866
656 0 0 1250 1910 1911 1912 1913 1914 1915 1916 1917 1918 1919 1920 1921
657 0 0 2454 2478 3683 3725 3733 3742 4016 4027 4035 4044 4045 4046 4047 4048 4049 4050 4051 4052
658 0 0 4792 4818 5049 5064 5072 5098 5104 5151 5320 5650 5665 5694 5702 5708 5712 5998 6020 6021 6022 6023
659 0 0 5244 5251 5458 5662 5678 5686 5687 5688 5689 5690 5691 5692 5693
660 0 0 3970 3986 3988 4810 4812 5062 5668 5696 5707 5710 5711 5712 6867
661 0 0 5659 5680 5684 5692 5700 5999 6022 6025 6099 6139 6330 6344 6352 6358 6362 6364 6365
662 0 0 3356 4477 4490 4491 4492 4493 4494 4495 6868
663 0 0 4482 4513 4515 4521 4714 4715 4716 4717 4718 6869
664 0 0 5400 5540 5549 5916 6047 6066 6078 6080 6081 6082 6083 6084
665 0 0 4876 4881 5323 5324 5325 5326 5327 5328 5329 5330 5331
666 0 0 535 1868 3004 3189 3192 3772 3785 3788 3796 3808 3814 3815 3816 3817 6870
667 0 0 157 388 395 399 403 404 405 406 6871
668 0 0 5818 5819 5820 5821 5822 5823 5824 5825 5826 5827 5828 5829 5830 5831 5832 5833 5834
669 0 0 1519 2945 2950 3935 3943 4137 4144 4154 4155 4156 4157 4158 4159 4160 4161
670 0 0 4135 4151 4158 4205 4773 5363 5373 5774 5782 5801 5810 5817 5830 5836 5845 5850 5881 5887 5888
671 0 0 1522 2651 3904 3907 3929 3932 4154 5821 5844 5849 5852 5853 5854
672 0 0 784 989 996 997 998 999 1000 6872
673 0 0 281 697 992 1004 1017 1020 1172 1176 1186 2037 2618 2821 2859 2860 2890 3319 3325 3625 3628 3636 3637 3638 3639 6873
674 0 0 67 273 783 806 991 997 1009 1010 1011 1012 1013 1014 1015 1016 1017 1018 1019 6874
675 0 0 990 1000 1001 1002 1003 1004 1005 1006 1007 1008 6875
676 0 0 862 1607 1633 1634 1635 1636 1637 1638 1639 6876
677 0 0 2261 2276 2284 4510 4516 4715 5614 5622 5627 6257 6259 6260 6261 6262 6263 6877
678 0 0 29 32 158 404 534 1833 1844 1862 1865 1866 1867 1868 6878
679 0 0 30 33 163 304 392 1832 1845 1858 1859 1860 1861 1862 1863 1864 6879 6880
680 0 0 25 31 1827 1842 1844 1845 1846 1847 1848 6881 6882
681 0 0 28 156 157 158 159 160 161 162 163 164 165 6883
682 0 0 5057 5079 5093 5173 5200 6002 6040 6285 6299 6302 6303 6304 6305 6306 6307 6308 6309 6310 6311 6312
683 0 0 5631 5637 5640 5927 6256 6261 6275 6281 6297 6336 6370 6377 6384 6480 6489 6500 6503 6506 6508
684 0 0 4718 5081 5630 6262 6289 6296 6300 6307 6320 6335 6336 6337 6338 6339 6340 6341 6342 6343 6884
685 0 0 5967 5975 5990 6010 6367 6376 6385 6387 6393 6481 6485 6498 6507 6510 6511
686 0 0 3761 3766 4582 4606 4644 4656 4662 4674 4685 4687 4691 4697 4698
687 0 0 2494 2509 2542 3768 4602 4623 4640 4642 4651 4672 4683 4688 4689 4690
688 0 0 5016 5017 5018 5019 5020 5021 5022 5023 5024 6885
689 0 0 5230 5276 5305 5306 5307 5308 5309 5310 6886
690 0 0 1276 1284 1290 1294 2461 2472 2483 2490 3687 3714 3736 3744 3745 3746 3747
691 0 0 3691 3701 3724 3740 4028 4049 4572 4592 4611 4645 4649 4660 4666 4667 4668 4669
692 0 0 247 573 603 725 745 746 747 748 749 750 751 752 753 754 755 6887 6888
693 0 0 563 586 599 615 626 634 735 756 760 761 762 763 6889
694 0 0 5052 5059 5065 5068 5073 5082 5094 5669 5706 5711 6020 6306 6340 6345 6349 6362 6363 6890
695 0 0 5075 5703 6260 6264 6268 6311 6342 6348 6354 6355 6356 6357 6891
696 0 0 4835 4842 4847 4853 4861 4867 4871 4878 4886 4890 4894 4895 4896 4897 4898 4899
697 0 0 4024 4033 4037 4043 4052 4055 4578 4856 4915 4994 5413 5423 5424 5425 5426 5427 5428 5429 5430
698 0 0 3215 3233 3242 3257 3258 3259 3260 3261 3262 3263 3264
699 0 0 4893 4899 4920 4989 5399 5427 5434 5437 5511 5524 5530 5536 5539 5540 5541 5542 5543 5544 5545 5546 5547
700 0 0 12 13 14 15 16 17 18 19 20 21 22 23 6892
701 0 0 74 2365 3486 3496 3513 3514 6893
702 0 0 13 72 73 74 75 76 77 6894 6895
703 0 0 17 874 888 2281 3490 3498 3523 3524 3525 3526 6896
704 0 0 95 309 322 325 381 411 496 498 6897 6898 6899
705 0 0 316 377 409 489 490 491 492 493 494 6900 6901
706 0 0 103 177 192 193 194 195 196 197 198 199 200 6902
707 0 0 183 189 209 221 222 223 224 225 226 6903
708 0 0 3624 3720 4528 4563 4612 4634 4658 5465 5473 5474 5475 5476 5477 5478 5479 5480 5481 5482
709 0 0 3600 3605 3612 4345 4531 4538 4553 4554 4555 4556 4557 4558 4559 4560 4561
710 0 0 1487 2682 2687 2688 2689 2690 6904
711 0 0 1489 2683 2688 3955 3958 3959 3960 3961 6905
712 0 0 1488 2687 3946 3947 3948 3949 3950 3951 3952 3953 3954 3955 3956 3957 6906 6907
713 0 0 1486 2681 2682 2683 2684 2685 2686 6908 6909
714 0 0 2246 2254 3358 3373 3374 3375 3376 3377 3378 3379
715 0 0 257 835 913 983 2199 2213 2216 2217 2218 2219 2220 2221 2222 6910
716 0 0 268 908 920 944 980 2209 2220 2236 2244 2250 2251 2252 2253 2254
717 0 0 105 820 979 1082 2222 2227 2233 2248 3369 3379 3384 3420 3434 3436 3437 3438 6911
718 0 0 66 73 1037 2348 2354 2361 2362 2363 2364 2365 2366 6912 6913
719 0 0 3481 3482 3483 3484 3485 3486 3487 3488 3489 3490 3491 3492 6914
720 0 0 3708 3715 3729 3735 3743 3747 3751 4048 4605 4620 4636 4638 4645 4646 4647 4648
721 0 0 1142 1151 1157 1168 1170 1174 1184 1191 1261 1268 1579 2390 3633 3638 3642 3644 3645 3646 3647 3648 3649 3650 3651
722 0 0 1352 1362 2403 2410 2524 2532 3023 3049 3757 4285 4331 4338 4349 4355 4360 4361 4362 6915
723 0 0 2500 2519 2526 2534 2541 3606 3758 3763 3764 3765 3766 3767 3768 3769 6916
724 0 0 1358 1366 2501 2533 3609 3756 3763 4342 4350 4361 4532 4543 4559 4580 4609 4630 4641 4654 4662 4663 4664 4665
725 0 0 1364 2408 2504 2518 2519 2520 2521 2522 2523 2524 6917
726 0 0 243 723 748 1951 1952 1953 1954 1955 1956 1957 1958 1959 1960 6918 6919
727 0 0 251 753 769 1585 1594 1595 1596 1597 1598 1599 1600 1601 1602 1603 1604 6920
728 0 0 249 1589 1601 1606 1612 1957 4000 4002 4430 4439 4440 4441 4442 4443 4444 6921
729 0 0 244 722 723 724 725 726 727 728 729 730 731 732 733 6922
730 0 0 270 1016 2605 2615 2619 2724 2762 2821 2822 2823 2824 2825 2826 2827 2828 2829 2830 2831
731 0 0 2832 2833 2834 2835 2836 2837 2838 2839 2840 2841 2842 2843 2844 2845 2846 2847
732 0 0 2594 2606 2626 2825 2847 2875 2894 2901 2904 2905 2906 2907 2908
733 0 0 1022 2763 2806 2826 2833 2848 2849 2850 2851 2852 2853 2854 2855 2856 2857 2858 2859
734 0 0 1732 1737 1741 1748 1749 1750 1751 1752 1753 1754 1755 1756 1757 1758 6923
735 0 0 481 1504 1735 1739 2973 2974 2975 2976 2977 2978 6924
736 0 0 1730 1753 2976 3064 4216 5253 5832 5865 5875 5889 5890 5891
737 0 0 1733 1737 1738 1739 6925
738 0 0 698 1026 2834 2857 2861 2891 2968 3613 3614 3615 3616 3617 3618 3619 3620 3621 3622 3623 3624 3625 3626 3627
739 0 0 2831 2840 2848 2863 2865 2884 2885 2886
740 0 0 201 216 230 303 662 1115 1316 1343 1835 1857 1864 1874 1876 6926
741 0 0 175 187 188 189 190 191 6927
742 0 0 4829 4859 4897 4904 4909 4914 4979 4988 5433 5516 5537 5541 5550 5554
743 0 0 3083 4977 5267 5326 5504 5519 5716 5728 5736 5741 6062 6074 6092 6117 6133 6134
744 0 0 2 26 128 137 154 161 300 386 387 388 389 390 391 392 393 6928
745 0 0 4 151 156 394 399 400 401 402 6929
746 0 0 4980 4986 4996 5468 5502 5513 5522 5535 5536 5537 5538
747 0 0 5426 5471 5473 5485 5509 5526 5527 5528 5529 5530 5531 5532 5533 5534
748 0 0 2921 2930 2935 2939 4421 4930 4935 4937 5336 5356 5368 5369 5370 5371
749 0 0 1675 1718 1727 2672 2919 2926 2940 2941 2942 2943 2944 2945 2946 2947 2948
750 0 0 2272 3298 3460 3465 3472 3631 4125 4481 4497 4508 4512 4714 5620 5625 5626 5627 5628 5629 5630 5631
751 0 0 2331 2336 2337 2338 2339 2340 2341 2342 2343 2344
752 0 0 879 886 2271 2329 3445 3451 3458 3459 3460 3461 3462 3463
753 0 0 2334 2336 2380 2704 3303 3327 3334 3464 3470 3475 3632 3716 4124 4125 4126 4127 4128 4129 4130
754 0 0 918 936 981 2245 2252 3367 3377 3419 3422 3432 3434 3435
755 0 0 894 912 921 974 977 2221 3414 3423 3427 3438 4377 4386 4405 4413 4414 6930
756 0 0 1494 1507 1662 1665 1666 1667 1668 1669 1670 1671 1672 6931 6932
757 0 0 1492 1641 2043 2057 2775 2783 2800 2958 4064 4082 4087 4097 6933
758 0 0 688 1491 1640 1652 1668 1686 2773 2774 2775 2776 2777 2778 2779 2780 2781 6934
759 0 0 1493 1660 1666 2784 2957 4086 4097 4099 6935 6936
760 0 0 341 349 356 364 548 1194 1208 1212 1226 1232 1238 1239 1240 1241 1242
761 0 0 384 1201 1209 1219 1271 1272 1273 1274 1275 1276
762 0 0 88 170 171 172 173 174 6937
763 0 0 92 171 365 366 367 368 369 370 371 372 373 6938
764 0 0 2961 2972 4165 4180 4193 4194 4195 4196 4197 4198 6939
765 0 0 1490 1658 1667 2042 2778 2782 2783 2784 2785 2786 2787 2788 2789 2790 6940
766 0 0 1661 1671 2777 2789 4163 4177 4181 4182 4183 4184 4185 4186 4187 4188 4189
767 0 0 1528 2041 2053 2677 2782 2883 2955 2956 2957 2958 2959 2960 2961 6941
768 0 0 194 329 330 331 332 333 334 335 336 337 338 339 340 341 6942
769 0 0 40 97 98 99 100 101 102 103 104 105 106 6943
770 0 0 2025 2502 2511 2512 2513 6944
771 0 0 1538 1548 1562 1573 2032 2040 2505 2515 2528 2676 2964 3656 3668 3672 3678 3679 3680 3681 6945 6946
772 0 0 2647 3840 3852 4722 4730 4735 4736 4737 6947
773 0 0 3946 4725 4738 4747 4750 4751 4752 6948 6949 6950
774 0 0 4723 4732 4737 4738 4739 4740 6951 6952
775 0 0 4758 4761 4765 4776 4785 4788 4797 4799 4800 6953
776 0 0 2051 2679 2832 2855 2876 2879 2959 2969 3613 3673 4168 4191 4198 4204 4213 4214 4215
777 0 0 1696 1999 2047 2766 2787 2792 2801 2805 2806 2807 2808 2809 2810 2811 2812
778 0 0 1136 1190 1578 3641 3644 3652 3706 3748 4597 4615 4619 4620 4621 4622
779 0 0 2487 2495 3713 3738 3746 3750 4607 4625 4639 4647 4649 4650 4651 4652
780 0 0 3295 3306 3329 3446 3464 3465 3466 3467 3468 3469
781 0 0 2335 2343 3442 3450 3451 3452 3453 3454 3455 3456 3457
782 0 0 47 323 1298 1305 1321 1329 1331 1332 1333 1334 6954 6955
783 0 0 43 133 139 145 146 147 148 149 150 6956 6957
784 0 0 131 144 148 301 1299 1311 1327 1334 1335 1336 1337 1338 1339
785 0 0 43 44 45 46 47 6958 6959
786 0 0 113 117 429 439 454 459 460 461 462 463 464 6960
787 0 0 1391 1398 1406 1413 1416 1422 1438 1448 1449 1450 1451 1452
788 0 0 3210 3211 3212 3213 3214 3215 3216 3217 3218 3219 3220 3221 3222 3223 3224
789 0 0 3228 4006 4838 4889 5379 5380 5381 5382 5383 5384
790 0 0 2452 3234 3240 3261 4013 4014 4015 4016 4017 4018 4019 4020 4021 4022 4023 4024
791 0 0 1924 3211 3225 3244 3248 3254 3270 4005 4832 4836 4837 4838 4839 4840 4841 4842
792 0 0 2309 2318 2325 3357 3373 3383 3391 3399 3408 3430 3433 3533 3551 3553 3561 3571 3572 3573 3574 3575
793 0 0 2290 2324 2327 2691 2692 2693 2694 2695 2696 2697 2698
794 0 0 5450 5459 6325 6390 6394 6474 6484 6494 6495 6496
795 0 0 4439 5236 5446 5456 5666 5685 5689 5704 5714 6267 6323 6351 6354 6358 6359 6360 6361 6961
796 0 0 852 859 1067 2208 2240 2242 2256 3531 3550 3556 3560 3562 3563 3564 6962
797 0 0 85 843 848 854 1033 1049 3510 3518 3542 3568 3587 3588 3590 6963
798 0 0 11 16 79 855 940 954 959 2257 2297 2300 3519 3532 3558 3562 3565 3566 3567 3568 3569 3570 3571
799 0 0 792 811 838 839 840 841 842 843 844 845 846 6964
800 0 0 2059 2168 2192 2443 3246 4453 5388 5416 5564 5575 5580 5581 5582 5583 5584
801 0 0 1943 2064 2084 2090 2101 2102 2103 2104 2105 2106 2107 2108 2109 2110 2111
802 0 0 773 2068 2137 2155 2170 2179 2182 2186 2187 2188 2189 2190 2191
803 0 0 2060 2083 2107 2453 3212 3226 3236 3237 3238 3239 3240 3241 3242 3243 3244 3245 3246 3247
804 0 0 1525 2012 2013 2014 2015 2016 2017 2018 2019 2020 2021 2022 2023 6965
805 0 0 2052 2058 2736 2770 2788 2799 2807 3674 4059 4073 4081 4082 4083 4084 4085 6966
806 0 0 4056 4057 4058 4059 4060 4061 4062 4063 4064 4065 4066 6967 6968
807 0 0 1527 2021 2041 2042 2043 2044 2045 2046 2047 2048 2049 2050 2051 2052
808 0 0 4162 4163 4164 4165 4166 4167 4168 4169 4170 4171 4172 4173 4174
809 0 0 2497 2963 3073 3079 3591 3592 3593 3594 3595 3596 3597 3598 3599 3600 6969
810 0 0 2680 2960 2971 3593 4172 4192 4195 4215 4221 4222 4223
811 0 0 1731 1757 2977 3065 3080 3598 3610 4171 4197 4211 4216 4217 4218 4219 4220 6970
812 0 0 120 423 437 443 447 448 449 450 451 452 6971
813 0 0 56 107 116 419 430 431 432 433 6972
814 0 0 64 810 1013 1031 1032 1033 1034 1035 1036 1037 1038 6973
815 0 0 65 1010 1470 2345 2346 2347 2348 2349 2350 2351 2352 6974
816 0 0 1694 2003 2566 2576 2597 2793 2809 2837 2852 2864 2865 2866 2867 2868 2869 2870 2871 2872 2873 2874 2875 2876
817 0 0 3830 3836 4958 4959 4960 4961 4962 4963 4964 4965
818 0 0 6035 6044 6135 6148 6247 6331 6404 6426 6428 6431 6434
819 0 0 5004 5015 5024 5301 6026 6152 6153 6154 6155 6156 6157 6158 6159
820 0 0 1956 3978 4001 4003 4442 4445 4446 4447 4448 4449 6975
821 0 0 3977 3989 5061 5667 5690 5703 5704 5705 5706 5707 5708 5709 6976
822 0 0 3970 3971 3972 3973 3974 3975 3976 3977 3978 3979 3980 6977
823 0 0 4438 4444 4449 5231 5234 5235 5236 5237 5238 5239 5240 5241 5242 5243 5244
824 0 0 5007 5120 5152 5285 5322 5647 5648 5649 5650 5651 5652 5653 5654 5655
825 0 0 6000 6006 6019 6023 6024 6042 6142 6145 6303 6315 6329 6330 6331 6332 6333 6334
826 0 0 3865 4998 5019 5295 5303 6153 6165 6168 6169 6170 6171 6978
827 0 0 3869 3887 6163 6172 6173 6174 6175 6979
828 0 0 775 1619 1632 2115 2136 2154 2158 2166 2183 2184 2185 2186
829 0 0 1948 2063 2103 2152 2161 2164 2173 2176 2177 2178 2179 2180
830 0 0 1955 3997 4436 4443 4446 4940 4948 4953 4956 5223 5237 5245 5246 5247 5248 5249 5250 5251
831 0 0 3962 3963 3964 3965 3966 3967 3968 3969 6980
832 0 0 3962 3980 3992 3995 4448 4946 4952 4956 4957 6981 6982
833 0 0 4821 4950 5228 5245 5641 5660 5673 5674 5675 5676 5677 5678 5679 5680
834 0 0 5593 5597 5600 5608 5616 5636 5638 5639 5640
835 0 0 1639 3348 4470 5603 5610 5617 5621 5628 5635 6253 6254 6255 6256 6257 6258
836 0 0 35 63 358 797 815 822 823 824 825 826 827 828 6983
837 0 0 61 831 835 836 837 6984 6985
838 0 0 256 833 836 2200 2211 2217 2223 2224 2225 6986 6987
839 0 0 34 59 60 61 62 63 6988 6989
840 0 0 998 1003 1134 1135 1136 1137 1138 1139 1140 1141 1142 6990
841 0 0 1030 1175 1185 1544 1558 3626 3637 3640 3641 3642 3643
842 0 0 1710 1723 2668 2914 2932 4106 4112 4416 4417 4418 4419 4420 4421 4422 4423
843 0 0 507 4108 4110 4114 4115 4116 6991
844 0 0 2933 2937 4111 4114 4118 4416 5137 5337 5369 6415 6443 6458 6461 6469 6992
845 0 0 509 1704 1705 1706 1707 1708 1709 1710 1711 1712 1713 6993 6994
846 0 0 4109 4113 4116 4123 4420 4424 4769 4934 5001 5014 5138 5299 5302 5368 5812 6152 6242 6409 6422 6430 6442 6450 6456 6457 6458
847 0 0 510 1709 2909 2910 2911 2912 2913 6995 6996
848 0 0 512 2681 2909 4104 4115 4117 4118 4119 4120 4121 4122 4123 6997 6998
849 0 0 1707 2666 2912 3860 4107 4419 4424 4425 4426 4427 4428 4429 6999
850 0 0 3956 4748 4817 5050 5069 5095 5096 5097 5098 5099 5100 5101 5102 7000
851 0 0 2635 2640 5039 5045 5086 5107 5125 5126 5127 5128 5129 5130 5131 7001 7002
852 0 0 721 1369 1378 1379 1380 1381 1382 1383 1384 1385
853 0 0 2553 2561 2564 2631 2639 4709 5034 5035 5036 5037 5038 5039 5040
854 0 0 427 436 447 465 715 1383 1403 1479 2547 2557 2562 2563 2564 7003 7004
855 0 0 1384 1480 2552 2556 4706 5035 5051 5054 5076 5083 5084 5085 5086 5087 5088 5089 5090 5091 5092 5093 5094
856 0 0 1357 1361 1362 1363 1364 1365 1366 1367 7005
857 0 0 1355 3036 3044 3050 3055 3060 3061 3062 3063 7006
858 0 0 2445 3245 3731 4015 4044 4053 4454 5025 5418 5484 5562 5563 5564 5565 5566 5567 5568
859 0 0 2698 2711 4128 4133 4466 5030 5569 5574 5585 5586 5587 5588 5589 5590 5591 5592 5593
860 0 0 3850 3983 3987 4806 4814 5042 5060 5061 5062 5063 5064 5065 7007
861 0 0 2645 3839 3845 3852 3853 3854 7008
862 0 0 87 173 314 355 363 370 375 418 550 1193 1200 1205 1206 1207 1208 1209 1210 7009
863 0 0 366 380 407 1196 1202 1272 1277 1278 1279 1280 1281 1282 1283 1284 7010
864 0 0 336 342 371 415 552 1192 1193 1194 1195 1196 1197 1198 1199 7011
865 0 0 93 313 369 374 375 376 377 378 379 380 381 382 383 384 385
866 0 0 285 312 350 803 1145 1206 1214 1221 1222 1223 1224 1225 1226 1227 7012
867 0 0 36 62 308 351 357 358 359 360 361 362 363 364 7013
868 0 0 1984 2004 2010 2574 2819 2864 3825 3826 3827 3828 3829 3830
869 0 0 2814 5135 5189 5212 5334 5349 5493 6412 6439 6444 6463 6466 6467
870 0 0 1356 1361 3024 3033 3047 3048 3049 3050 3051 3052 3053 7014
871 0 0 3026 3800 4240 4259 4260 4261 4262 4263 4264 4265
872 0 0 537 542 543 544 545 7015 7016
873 0 0 540 642 3139 3141 3146 3155 3162 4376 4397 4406 4409 4415 7017
874 0 0 3843 3851 4729 4743 4791 4813 5041 5060 5069 5070 5071 5072 5073 7018
875 0 0 2643 3993 4720 4728 4736 4739 4751 4753 4759 4760 4761 7019 7020
876 0 0 2641 2642 2643 2644 2645 2646 2647 2648 2649 7021
877 0 0 3952 4734 4742 4780 4784 4790 4816 5070 5095 5103 5104 5105 5106
878 0 0 382 1215 1275 1291 1497 1554 1572 1582 2480 2481 2482 2483 2484 2485 2486 2487
879 0 0 1502 1553 2492 2510 2536 3759 3764 4627 4652 4676 4682 4689 4693 4700
880 0 0 252 253 254 255 256 257 258 7022 7023 7024
881 0 0 263 269 856 911 943 2210 2214 2238 2243 2250 2255 2256 2257 2258 7025
882 0 0 8 252 259 264 265 266 267 268 269 7026 7027
883 0 0 258 260 2198 2211 2212 2213 2214 2215 7028
884 0 0 787 804 994 1015 1045 1156 1161 1171 1175 1176 1177 1178 1179 1180 1181 1182 1183 1184
885 0 0 788 988 996 1007 1140 1147 1154 1169 1170 7029
886 0 0 3102 3152 4372 4391 4392 4400 4412 7030
887 0 0 629 1764 1795 1807 3108 3112 3131 3135 3151 4367 4378 4394 4395 4396
888 0 0 3109 3116 3120 3121 3123 3126 3127 3138 3143 3150 3151 3152 3153 3154 7031
889 0 0 208 220 222 229 547 1778 1789 1813 1823 1904 3103 3405 4365 4381 4388 4389 4390 4391 7032
890 0 0 3087 4973 4985 4991 5264 5502 5503 5504 5505 5506 5507
891 0 0 5512 5532 5544 5552 6056 6068 6077 6083 6108 6109 6110 6111
892 0 0 906 916 924 932 941 2253 2255 2301 2303 3368 3376 3431 3435 3530 3552 3557 3558 3559 3560 3561
893 0 0 895 926 973 2305 2311 3159 3365 3409 3415 3424 3426 3427 3428 3429 3430
894 0 0 901 922 923 924 925 926 927 928 929 930 931 7033
895 0 0 3357 3358 3359 3360 3361 3362 3363 3364 3365 3366 3367 3368 3369 3370 3371 3372
896 0 0 2493 3739 3745 4610 4648 4650 4661 4669 4670 4680 4681 4682 4683 4684 4685
897 0 0 3762 3769 4583 4664 4673 4686 4690 4691 4692 4693 4694 4695 4696
898 0 0 121 422 433 446 450 712 1386 1387 1388 1389 1390 1391
899 0 0 108 115 420 430 434 435 436 437 438 439 440 441 442 7034 7035
900 0 0 2264 2279 2285 3352 3488 3506 3526 4484 4495 4509 4514 4515 4516 7036
901 0 0 861 862 863 864 865 866 867 868 869 870 871 872 873 7037
902 0 0 863 1636 2263 2278 2283 2284 2285 2286 2287 7038
903 0 0 872 881 891 2259 2268 2269 2270 2271 2272 2273 2274 2275 2276 2277
904 0 0 55 1743 1751 2987 3878 3913 3917 3923 3924 3925 3926 3927 7039
905 0 0 1740 1749 2980 2993 2994 2995 2996 2997 2998 2999 3000 7040
906 0 0 1865 1882 1887 1922 1944 3165 3179 3185 3193 3202 3217 3253 3255 3267 3270 3271 3272 3273 3274 3275 3276 7041
907 0 0 668 1779 1799 1839 1869 1896 1906 2079 2098 2143 3172 3182 3203 3207 3222 3265 3277 3278 3279 3280
908 0 0 654 1877 1885 1886 1887 1888 1889 1890 1891 1892 1893 1894 1895
909 0 0 3164 3165 3166 3167 3168 3169 3170 3171 3172 3173 3174 3175 3176 3177
910 0 0 283 1446 1460 1467 2587 2602 2609 2610 2611 2612 2613 2614 2615 2616 2617
911 0 0 1443 1454 1471 2345 2367 2368 2369 2370 7042
912 0 0 1069 2207 2234 2237 2241 2249 2251 2258 2372 3374 3380 3390 3529 3543 3553 3554 3555 3556 3557
913 0 0 838 847 848 849 850 851 852 853 7043
914 0 0 3528 3529 3530 3531 3532 3533 3534 3535 3536 3537 3538 3539 3540 3541 3542
915 0 0 362 796 822 829 839 851 1057 1059 1067 1068 1069 1070 1071 1072 7044
916 0 0 486 499 500 501 502 503 504 505 506 7045 7046
917 0 0 2654 3903 3906 3907 3908 3909 3910 7047
918 0 0 502 1515 1717 1725 2650 2662 2669 2940 2951 3900 3909 3931 3932 3933 3934 3935 3936 3937 3938
919 0 0 503 1517 2653 3908 3928 3929 3930 7048
920 0 0 297 2424 2428 3095 3774 3820 3824 4230 4232 4233 4234 4235 4236
921 0 0 3778 3784 3795 3803 3809 3810 3811 3812 3813
922 0 0 293 1138 1143 1144 1145 1146 1147 1148 1149 1150 1151 7049
923 0 0 1089 1092 1100 1229 1234 1235 1236 1237
924 0 0 286 354 361 790 794 795 796 797 798 799 800 801 802 803 7050
925 0 0 1144 1213 1225 1231 1235 1238 1252 1263 1267 1292 1577 2482 3645 3703 3709 3722 3748 3749 3750 3751
926 0 0 1076 1097 1164 1247 1259 1266 2376 2387 2390 2391 2392 2393 2394
927 0 0 1104 1244 1256 1916 2700 3361 3386 3388 3393 3394 3395 3396 3397 3398 3399 3400 3401 3402 3403
928 0 0 493 1211 1533 1534 1535 1536 1537 1538 1539 7051 7052
929 0 0 1029 1541 1549 1558 1559 1560 1561 1562 1563 1564 1565 1566 7053
930 0 0 245 732 765 1595 1934 1951 2171 3344 4430 4431 4432 4433 4434 4435 4436 4437 4438
931 0 0 248 728 747 764 1598 1621 1628 1938 1947 2071 2151 2157 2163 2172 2173 2174 2175
932 0 0 3100 3173 3284 3699 4029 4040 4050 4309 4312 4545 4570 4571 4572 4573 4574 4575 4576 4577 4578
933 0 0 670 1121 1126 1908 2078 2474 3177 3206 3220 3262 3269 3278 3282 3684 4017 4026 4034 4035 4036 4037
934 0 0 2398 2414 2423 2434 2441 3019 3094 3696 4225 4226 4227 4228 4229 4230 4231
935 0 0 4320 4321 4322 4323 4324 4325 4326 4327 4328 4329 4330 4331
936 0 0 4251 4310 4313 4317 4320 4339 4354 4359 4551 4571 4585 4586 4587 4588 4589 4590 4591
937 0 0 2401 2412 2440 2521 3022 3695 3753 4225 4329 4332 4351 4356 4362 4584 4594 4679 4695 4701 4703 4704 7054
938 0 0 6374 6380 6386 6392 6397 6400 6475 6483 6496 6497 6498 6499 6500 6501
939 0 0 4965 4970 5171 5172 5201 5206 5221 5463 5949 5959 6001 6008 6039 6279 6288 6305 6313 6314 6315 6316 6317 6318 6319 6320 6321 6322
940 0 0 6312 6322 6328 6334 6343 6347 6353 6357 6361 6363 6365 6391 6472 6483 6484 6485 6486 6487 6488
941 0 0 5464 5923 5936 5951 5958 5964 5974 6013 6282 6321 6366 6375 6376 6377 6378 6379 6380
942 0 0 53 2658 2986 3874 3889 3897 3914 3916 3917 3918 3919 3920 3921 3922 7055
943 0 0 50 1745 2659 2981 2993 3001 3008 3009 3010 3011 3012 3013 3014 3015 7056 7057
944 0 0 49 1744 2979 2980 2981 2982 2983 2984 2985 2986 2987 2988 2989 2990 2991 2992
945 0 0 52 2657 2658 2659 7058
946 0 0 141 147 302 1302 1307 1335 1342 1344 7059
947 0 0 414 1278 1296 1306 1308 1319 1320 1321 1322 1323 1324 1325 1326 1327 1328 7060
948 0 0 211 294 1109 1119 1131 1301 1309 1318 1323 1338 1343 1344 1345 1346 1347 1348 1349 7061
949 0 0 1297 1303 1324 1329 1330 7062
950 0 0 1075 1084 1096 1103 1249 1264 2374 2392 3360 3382 3387 3388 3389 3390 3391 3392
951 0 0 793 812 845 1042 1051 1052 1053 1054 1055 1056 1057 1058 7063
952 0 0 2378 2389 2394 3392 3528 3543 3544 3545 3546 3547 3548 3549 3550 3551 3552
953 0 0 292 801 1062 1073 1074 1075 1076 1077 1078 1079 1080
954 0 0 4437 5234 5407 5440 5441 5442 5443 5444 5445 5446 5447 5448 5449 5450
955 0 0 5224 5241 5247 5452 5661 5677 5681 5682 5683 5684 5685 5686
956 0 0 2339 3331 3449 3454 3467 3471 3475 3476 3477 3478 3479 3480
957 0 0 70 1036 2349 2353 2354 2355 2356 2357 2358 2359 2360
958 0 0 77 84 1034 1046 2353 2361 3485 3495 3503 3507 3508 3509 3510 3511 3512 3513 7064
959 0 0 3292 3293 3294 3295 3296 3297 3298 3299 3300 3301 3302 3303
960 0 0 3883 5754 5857 5860 5874 6178 6191 6210 6215 6220 6221 6222 6223 6224
961 0 0 4775 5760 5768 5769 5781 5782 5783 5784 5785 5786 5787 5788 5789
962 0 0 58 110 114 115 116 117 7065 7066 7067
963 0 0 109 424 432 441 445 452 456 462 522 1388 1393 1410 1414 1415 1416 7068 7069
964 0 0 6045 6046 6047 6048 6049 6050 6051 6052 6053 6054 6055 6056 6057 6058 6059 6060 6061 6062 6063 6064 6065
965 0 0 4852 4858 4866 4882 4892 4895 4903 4908 5328 5398 5517 5545 5548 5549 5550 5551 5552 5553
966 0 0 5510 5528 5546 5902 5912 5917 6058 6081 6107 6109 6112 6113 6114 6115
967 0 0 4879 4905 5327 5518 5548 5719 5738 5751 6049 6072 6075 6092 6093 6094 6095 6096 6097
968 0 0 504 1674 1705 1714 1715 1716 1717 1718 1719 1720 1721 1722 7070 7071 7072
969 0 0 1706 1724 2661 2666 2667 2668 2669 2670 2671 2672 2673 2674 7073 7074
970 0 0 5777 5798 5814 6128 6151 6158 6199 6203 6239 6241 6248 6401 6419 6420 6421 6422 6423 6424 6425 6426
971 0 0 5342 5354 5359 5366 5367 5371 5374 5498 6410 6445 6448 6452 6456 6459 6460 6461
972 0 0 6401 6402 6403 6404 6405 6406 6407 6408 6409 6410 6411 6412 6413 6414 6415 6416 6417 6418
973 0 0 4143 4153 4161 4929 5365 5377 5780 5800 5809 5815 5816 5817
974 0 0 3007 3015 3190 3797 3815 4244 4267 4271 4279 4282 4283 4284 7075
975 0 0 1759 1760 1761 1762 1763 7076
976 0 0 5775 5806 5829 5835 5876 5880 5881 5882 5883 5884 5885 5886
977 0 0 2663 2671 3857 3868 3899 3937 4428 4768 5002 5762 5763 5764 5765 5766 5767 5768
978 0 0 4423 4429 4766 5000 5764 5770 5786 5790 5808 5888 6154 6169 6179 6196 6206 6216 6237 6241 6242 6243 6244
979 0 0 3881 3926 5755 5823 5840 5856 5859 5860 5861 5862 5863 5864
980 0 0 166 167 168 169 7077 7078 7079
981 0 0 553 554 555 556 557 558 559 560 561 562 563 564 7080
982 0 0 166 559 567 589 591 7081 7082 7083
983 0 0 169 556 572 573 574 575 576 577 578 579 580 581 582 583 584 585 586 7084 7085
984 0 0 126 127 128 129 130 131 132 133 134 135
985 0 0 136 146 155 294 295 296 297 298 299 300 301 302 303 304 305 306 7086
986 0 0 5341 5494 6411 6446 6449 6455 6459 6462 6463 6464 6465
987 0 0 1994 2796 2813 2868 4185 4201 5208 5333 5343 5344 5345 5346 5347 5348 5349 5350 5351 5352 5353 5354
